DataImport/DataFusion/Data/gpw_v4_land_water_area_rev10_waterareakm_30_min.asc
ncols         720
nrows         290
xllcorner     -180
yllcorner     -60
cellsize      0.49999999999997
NODATA_value  -9999
[rows 66 to 98 of 290, columns 444 to 517 of 720]
6.343282 7.679136 8.871457 9.187963 6.965132 2.74209 1.836378 4.463945 286.2855 138.7711 85.32075 64.37045 30.42036 20.39595 5.503558 11.41232 10.43663 6.418514 2.9049 5.115381 7.947757 5.635208 11.99714 13.00813 16.57321 13.57205 20.64347 14.4037 9.738675 1.791411 0.8907341 1.255372 11.39834 185.8346 27.00653 1.524381 3.130426 7.006715 8.905356 21.89799 26.17752 26.65666 24.41973 17.69559 69.81482 12.80282 22.64183 1.372384 1.260092 4.59028 0.6737911 2.644953 22.72086 10.74163 32.64462 23.34905 32.42537 10.57845 30.87895 4.450563 9.517945 20.04032 59.9323 27.13002 31.21762 27.5477 69.56094 138.1721 30.73233 15.5363 39.89337 35.67072 44.60852 3.454369
11.98194 23.94263 15.70425 11.03296 10.07939 5.632773 1.124621 364.4946 61.7392 7.119762 14.90481 10.32756 22.13274 10.30638 7.247351 4.852978 4.74381 6.751094 32.77335 14.77629 17.86796 12.44219 4.299285 1.215296 10.09707 3.81646 4.354336 1.378713 3.642567 4.243466 5.509384 2.242196 12.17708 17.09589 8.571341 1.903764 8.401567 60.9402 11.40816 43.2728 81.4938 63.6361 51.8447 8.260179 104.5274 24.76431 0.7647253 0.9861564 -9999 4.255223 1.07382 0.3265911 10.74148 10.27963 15.40642 73.74433 8.453301 23.98539 38.1586 19.57934 52.39507 6.047883 3.2626 3.007885 57.23624 27.73355 15.26521 35.15118 33.0164 53.96323 22.85289 46.43924 39.87168 24.25656
7.106234 13.32255 9.09548 15.19538 10.42542 5.700028 3.528653 377.1805 140.0015 7.743322 7.443227 14.36595 16.82994 14.59326 11.46055 6.816886 4.57969 13.55184 16.58142 216.5021 1.866827 3.067698 2.823835 4.678655 5.62743 16.19214 0.3473746 3.684488 2.966284 0.613566 0.1555892 17.28714 3.069464 12.51418 4.331677 6.231468 2.016279 144.018 6.890554 67.25563 5.110204 0.3730744 0.2269603 1.883809 22.82293 53.81195 1.664333 5.810522 2.993114 11.39936 23.68889 0.9224404 11.46268 158.3931 379.8643 200.2488 100.4676 97.00394 36.51769 19.45418 64.74011 9.795567 13.83157 106.3465 68.06817 6.930126 29.13759 17.7077 17.44516 21.97668 22.61386 23.6493 19.34246 18.65515
11.15052 16.94404 13.05593 10.92415 8.152949 6.204933 71.75195 390.0384 95.86543 7.201374 6.120546 14.18443 11.55825 7.512358 81.2353 266.1976 61.86995 28.84841 21.4223 24.07207 9.836734 1.480564 0.6127542 1.092613 12.09279 0.2417212 0.4877851 2.476624 5.836904 1.689996 23.49954 1.393114 1.031093 0.2291441 -9999 0.2082085 9.430993 12.82811 50.46914 3.289366 1.641916 2.665593 11.0259 47.37536 335.6407 42.52728 19.98161 13.43372 1.622221 7.217832 56.59606 11.1738 95.80568 693.9311 483.4347 177.661 84.94246 48.53849 61.93781 23.2488 10.09025 30.13379 63.26579 26.03273 1.766485 17.34777 -9999 13.72341 3.832349 3.585831 10.56584 12.82616 7.955294 9.107025
21.71606 29.70873 9.627509 11.98153 6.104964 1.929815 343.7106 0.09257846 3.685136 2.339109 -9999 61.79916 19.87716 23.71788 103.2284 157.395 88.9043 5.625998 9.623439 8.861096 31.47617 39.91809 16.58144 7.363222 2.883049 -9999 1.275898 0.8622157 0.5265398 -9999 2.671714 0.5720697 -9999 5.166196 -9999 -9999 8.231195 33.17005 23.80952 13.25319 62.88196 26.38301 18.86551 107.1674 34.44763 22.11081 37.74152 40.03558 1.587451 2.16355 18.05668 14.65429 9.833459 16.85205 57.0813 36.07381 26.40012 16.54585 36.57272 13.98398 46.29578 35.83567 14.00438 0.3285324 9.940244 10.8918 123.5901 78.05036 3.996784 5.304581 1.287627 2.972335 1.472247 19.23385
1.812339 9.922256 21.26887 30.69462 6.468176 244.9251 120.4192 0.202769 28.02021 180.7955 1.361289 3.747037 342.3447 190.7437 92.86057 83.60365 106.0162 50.32727 0.770632 17.01409 85.84319 55.48418 11.5966 12.61525 2.114003 9.576856 0.299836 0.8727286 -9999 -9999 0.7855217 0.2427702 4.292378 13.62704 -9999 -9999 3.065399 11.66455 29.78494 39.94493 85.42162 72.61264 42.48051 96.75278 24.48484 21.73411 27.06287 18.08521 -9999 -9999 16.4197 17.32088 0.9263511 5.872096 3.143534 2.294659 3.145477 6.097431 9.272683 25.02257 1.518655 27.91682 1.704501 2.88657 0.1110294 0.6488666 4.409393 2.656689 -9999 0.6714653 -9999 0.7224159 0.136934 6.21758
1.891172 4.292111 67.13538 99.88297 52.60289 316.9002 92.83669 22.51361 0.6918933 30.60924 340.7136 10.56784 51.84122 7.64457 25.7868 54.35264 10.21452 34.00353 -9999 32.42384 69.24304 5.986599 0.3949796 48.19864 22.25759 2.544092 30.97609 0.6188323 2.521903 4.30515 9.504301 2.138363 6.444617 1.115827 0.2184356 0.6894721 3.356763 4.795429 5.948868 88.43678 317.0172 44.07199 132.7049 201.7682 32.82425 28.61343 21.25017 -9999 -9999 6.096147 0.2868086 -9999 -9999 58.60943 25.3136 1.444932 1.720637 4.579316 -9999 2.830248 16.79094 2.397453 1.651108 0.276909 0.04454102 -9999 0.1807673 0.2404927 -9999 -9999 -9999 3.041704 -9999 0.3212238
7.846423 271.6928 580.7009 0.9227764 12.64448 144.8155 94.14509 153.5451 109.1431 51.24756 110.3369 387.3582 38.90287 14.018 2.102885 -9999 1.669245 86.85469 20.72623 132.5955 49.76714 59.06412 6.082082 1.56586 18.53089 0.72096 2.136055 5.579394 22.19794 -9999 5.586825 -9999 7.309589 0.3326242 2.898268 36.98561 2.920318 -9999 42.88795 27.5932 35.01019 119.7842 635.8626 12.13342 33.99786 77.47478 31.841 0.2624226 1.171166 -9999 0.3552223 -9999 0.2132149 0.2396311 0.3862371 6.982254 9.734815 2.182655 -9999 -9999 0.8287384 0.465207 0.1325377 -9999 2.061523 -9999 -9999 0.3271073 0.8458489 0.1288201 -9999 -9999 -9999 -9999
717.7419 616.7655 98.26469 2.733253 2.281934 27.25731 10.92279 17.36816 83.55825 113.6976 1.598031 0.2784577 27.74773 37.50869 3.102544 0.1874082 -9999 0.2799783 0.9077385 19.69443 5.683065 6.71069 15.2047 33.74765 3.612209 1.033281 0.4112121 7.019876 -9999 -9999 -9999 -9999 -9999 -9999 14.81943 30.94946 0.01826558 3.720725 -9999 -9999 2.491264 45.79471 64.43423 5.169289 29.49293 156.6934 14.84066 1.630808 1.502887 0.4218878 5.122136 46.92899 12.16985 0.4784771 4.476027 0.1653117 3.790967 -9999 2.664452 -9999 0.4239279 1.057382 0.2192597 0.7499842 0.9663855 -9999 -9999 0.2404983 -9999 1.170291 -9999 -9999 -9999 -9999
2.722128 2.756397 1.571352 2.793019 1.151869 0.6953193 24.83019 0.04846471 -9999 45.51923 194.921 20.92524 3.162551 4.995823 2.075054 0.8799806 0.6378033 133.1383 358.4532 69.27045 27.77337 19.43419 445.9167 82.18327 0.2359991 30.11441 31.63889 0.1895868 0.9227084 0.7836917 0.3182631 46.12385 14.0575 43.69292 1.907931 4.741882 -9999 0.3291515 -9999 -9999 7.461924 4.13265 1.114951 2.847286 4.986073 28.02476 1.310524 -9999 -9999 -9999 16.68863 -9999 -9999 56.62486 8.681203 0.9997033 9.384923 4.142724 -9999 0.5724865 -9999 -9999 -9999 -9999 -9999 0.3436613 -9999 -9999 -9999 -9999 -9999 -9999 -9999 -9999
93.24061 21.04933 3.181198 12.0618 0.228917 4.781946 1.7832 -9999 -9999 -9999 1.271727 156.7764 73.83956 27.1254 2.059225 110.6901 1112.95 1922.835 2067.407 1636.974 1511.909 1875.893 703.2425 128.8295 59.50201 55.29849 37.99334 6.394415 3.265543 8.094864 -9999 1.185013 83.81933 9.499573 24.92772 15.90117 525.7573 379.319 55.05047 10.88763 2.276178 4.805077 14.72457 13.85355 32.48844 145.7222 6.670189 4.312453 -9999 0.6292034 9.320952 -9999 0.1997453 -9999 7.764311 -9999 9.083728 -9999 0.3461517 0.1752014 13.56451 -9999 0.8236119 -9999 89.67699 1130.891 863.4199 973.7161 881.2906 497.0424 435.6893 594.7832 329.6268 1019.495
126.3018 465.5539 230.7401 19.72021 7.95636 5.616183 34.63999 2.618285 -9999 5.793956 185.9491 251.3072 98.24149 181.7437 1306.855 1695.54 2142.306 2142.306 2142.306 2142.306 2142.306 2089.087 1051.92 2.12144 46.10062 62.45895 18.90022 44.25829 37.31336 0.8356261 -9999 0.7372743 8.893591 4.413 8.124601 548.6986 537.8593 987.1787 541.5932 179.4779 10.41517 17.57153 0.7078301 0.4838455 -9999 -9999 2.087744 9.623759 9.867238 0.2435414 -9999 2.789554 -9999 107.6938 0.1264215 -9999 -9999 -9999 -9999 -9999 -9999 -9999 3.606429 582.7702 1898.732 1361.94 126.6309 29.11171 19.08852 42.26749 127.2979 399.3423 656.6182 511.479
10.29552 6.923279 24.4067 36.92325 63.58501 23.28063 3.151771 16.99105 1.053601 1.332341 112.5764 649.6944 994.3781 1806.675 2161.647 2161.753 2161.753 2161.753 2161.753 2161.753 2161.753 2121.55 368.6584 7.032749 318.8926 12.14639 147.7804 150.9809 205.2371 123.6291 461.8781 205.3492 -9999 1180.592 1273.481 1473.531 490.4646 -9999 9.165039 77.97328 11.04879 28.92396 21.69258 19.87554 -9999 31.85715 9.807288 11.17102 175.9378 5.381778 9.066999 69.21024 -9999 -9999 -9999 -9999 -9999 1.302903 -9999 -9999 -9999 -9999 136.3723 1885.495 1021.368 15.692 0.3523859 -9999 -9999 1.258348 -9999 19.01207 6.87905 0.1136972
7.050438 18.97579 6.794081 3.202002 4.111697 78.74206 75.46483 27.98869 17.21887 2.77906 400.809 2110.739 2181.036 2181.036 2181.036 2181.036 2122.435 2181.036 1562.001 496.1255 582.2286 769.9061 503.2902 445.6619 1642.521 412.0628 18.96477 48.50492 32.83615 14.18856 -9999 -9999 410.2647 1090.541 555.0189 2181.036 1452.875 -9999 -9999 21.35045 3.165601 -9999 0.8069108 10.15013 11.69394 13.98178 6.236611 20.91717 2.405001 38.41605 12.45551 26.67129 1.598627 -9999 -9999 0.2150011 30.06465 0.1333083 9.116373 -9999 -9999 -9999 -9999 566.347 463.8999 17.32551 21.50214 8.400413 0.4562195 -9999 -9999 -9999 0.4683626 1.759631
24.9189 10.28349 7.176456 10.80402 18.04116 7.108953 8.948899 3.327956 2.981818 634.8532 1868.566 2200.152 2200.152 2200.152 2200.152 2199.28 1832.269 1696.038 1121.391 50.47261 99.99615 80.52168 507.4389 452.5286 24.23485 2.9747 78.59946 92.36291 3.334746 0.389172 -9999 -9999 1102.185 1229.098 1317.159 2200.152 2055.453 85.44701 0.5699583 -9999 -9999 0.2048567 3.745891 0.2416767 9.91973 7.359734 12.64604 19.23496 0.5760405 4.801136 1.181056 53.83661 6.341683 10.18693 49.70804 38.02774 38.76563 8.843459 13.4653 45.73625 8.828261 -9999 -9999 -9999 18.36173 -9999 2.899618 18.09978 55.81809 57.05893 -9999 -9999 -9999 0.8099147
67.22337 9.957473 11.46751 23.8482 18.52556 6.799171 1.096363 0.6158007 21.23819 221.9616 1602.489 2219.102 2219.102 2219.102 2219.102 2219.102 1809.323 857.0199 37.8025 0.2286972 63.90562 66.46381 221.0333 -9999 13.76046 -9999 -9999 2.233466 -9999 -9999 -9999 1.988388 380.1023 471.7391 1487.027 1943.34 998.1995 14.57329 11.307 0.1229455 -9999 -9999 -9999 -9999 1.351771 -9999 -9999 1.80235 24.38177 8.576127 2.399879 -9999 0.1888039 -9999 -9999 0.9008794 -9999 -9999 -9999 -9999 -9999 -9999 -9999 -9999 -9999 0.5660615 -9999 -9999 -9999 20.89093 1.424682 -9999 -9999 0.1489823
1.486816 1.256709 7.77943 23.52554 29.96348 17.39979 20.21978 14.07053 11.8784 21.98491 337.05 1917.694 2237.882 2237.882 2237.882 2237.882 2237.882 2218.336 546.0362 -9999 2.059966 0.3744805 0.368398 18.85238 -9999 -9999 -9999 0.5463563 -9999 -9999 -9999 -9999 25.5765 5.578109 24.91307 41.82621 24.40798 3.471047 0.9933451 -9999 0.4378647 -9999 -9999 -9999 -9999 -9999 -9999 -9999 -9999 15.9217 27.2357 3.77198 2.904983 0.6474865 9.270092 15.49661 20.64804 40.00508 1.167799 -9999 -9999 -9999 -9999 2.213387 -9999 0.1199823 0.1876491 0.107233 5.939077 64.39954 496.2869 581.3568 152.7218 16.1663
198.5944 272.8901 145.2496 10.40236 20.60298 2.422528 1.618273 15.73383 19.5806 10.48936 98.09782 2236.256 2256.491 2256.491 2256.491 2256.491 2256.491 2256.491 1674.735 603.1001 0.2429149 7.215347 -9999 4.544166 -9999 -9999 0.7433586 -9999 -9999 -9999 -9999 -9999 45.72577 48.58179 8.705738 1.536115 30.18808 -9999 -9999 -9999 1.514855 -9999 -9999 -9999 -9999 -9999 -9999 -9999 -9999 -9999 1.186259 35.75494 37.20478 11.16453 0.4212287 1.968448 8.860146 122.939 4.776812 2.386922 0.420752 1.275698 2.213001 42.58224 13.51601 4.590447 0.1743777 0.3740292 1.633043 9.870664 191.7461 2.839902 3.370107 8.071673
7.50083 22.07735 124.3076 120.1318 64.14331 15.81828 0.1227387 0.140531 2.423016 39.41228 2.630259 1281.766 2274.929 2274.929 2274.929 2274.929 2274.929 2274.929 2274.929 2046.153 1584.806 616.8845 26.44238 9.596491 -9999 -9999 -9999 -9999 0.1693998 -9999 -9999 -9999 28.31645 5.334016 51.98153 2.262085 0.3490581 -9999 -9999 -9999 -9999 -9999 -9999 -9999 -9999 -9999 -9999 -9999 -9999 -9999 -9999 0.1574939 31.34306 4.104395 54.58554 0.731813 0.1485067 40.14442 3.032803 22.51206 0.3076798 0.1986392 0.3487832 4.13885 3.074229 9.221405 1.253939 -9999 0.4573365 375.9449 872.1134 921.3143 286.8205 0.001756623
16.39245 12.72898 11.06753 0.229932 1.282101 10.09899 0.8669225 0.1237658 0.6000155 0.4585754 0.1058334 64.87614 1667.109 2293.194 2293.194 2293.194 2293.194 2293.194 2293.194 2293.194 2178.562 249.0766 477.7794 566.1813 -9999 -9999 -9999 -9999 -9999 -9999 1096.399 337.4103 -9999 0.4972081 1.52566 11.00336 0.3446147 19.16212 28.73024 0.5166463 -9999 -9999 -9999 0.6045027 -9999 -9999 -9999 -9999 -9999 -9999 -9999 -9999 33.48881 3.043208 1.410746 6.252355 0.5602052 -9999 0.2010006 0.7578633 0.3768011 0.004958113 -9999 0.139054 -9999 1.103935 0.2976312 21.15503 368.9447 1190.961 1509.034 966.7285 213.8785 147.1697
-9999 -9999 -9999 15.29712 21.99664 16.86904 2.417351 0.7573023 0.5250493 0.01779017 0.05367555 0.08942029 155.2418 1403.223 2311.284 2311.284 2311.284 2311.284 2311.284 2311.284 2251.761 968.4715 2311.284 2198.116 105.4305 -9999 -9999 -9999 -9999 -9999 1400.987 951.8558 -9999 -9999 0.3615832 3.949215 2.780709 19.11017 5.800028 -9999 -9999 -9999 7.017387 5.765544 0.4419592 -9999 -9999 -9999 -9999 -9999 -9999 3.966928 23.51622 -9999 -9999 5.360378 23.31076 -9999 -9999 5.198349 6.367371 192.0623 37.75612 0.1605828 0.1221197 -9999 275.624 -9999 -9999 0.3645062 79.96508 206.4208 336.5239 53.62271
-9999 -9999 134.0578 70.52118 1.195382 -9999 13.68835 17.10621 0.8032357 44.85948 1.494917 0.1254079 -9999 11.98212 1814.832 2329.198 2329.198 2329.198 2329.198 2329.198 2329.198 2105.395 2329.198 2329.198 1919.082 494.8592 -9999 2.436106 162.7807 -9999 -9999 -9999 16.94994 2.012683 -9999 0.2743673 29.3031 13.8744 157.9038 283.6664 0.4964654 -9999 -9999 -9999 -9999 4.78285 -9999 9.447489 224.6819 107.8263 0.02543804 97.67628 652.6149 37.81716 2.008791 0.3234903 2.912096 0.4233097 2.600972 3.781258 7.587375 0.3340485 -9999 0.1858106 0.2696985 -9999 -9999 -9999 -9999 0.4343232 121.5568 419.3651 111.8953 4.25183
-9999 1.141776 14.96406 17.76202 -9999 23.35143 177.779 8.733582 74.00488 333.7197 73.98091 1.233308 3.169464 0.1291798 270.1673 1910.162 2263.055 2346.934 2346.934 2346.934 2346.934 1799.248 1299.923 1478.934 1384.237 472.9782 -9999 -9999 -9999 -9999 -9999 -9999 -9999 7.944574 -9999 -9999 -9999 -9999 0.2940852 132.8119 14.78542 -9999 -9999 -9999 30.13619 79.01985 -9999 35.62526 387.4982 628.7995 1058.73 357.1221 14.01834 40.30821 34.34277 3.01102 1.628475 22.83932 15.83834 13.75679 -9999 1.176373 41.85778 -9999 2.358313 -9999 155.0057 -9999 3.155456 14.06208 63.54843 19.29679 1.712164 -9999
-9999 -9999 0.1742572 -9999 1.621517 0.7493103 840.9448 207.8045 0.7237812 3.889776 8.226267 30.17402 41.5192 16.00608 91.09512 1425.365 1926.412 2357.225 2364.492 2364.492 2364.492 1237.669 38.60161 12.14777 -9999 -9999 -9999 0.3828458 -9999 -9999 0.2225497 -9999 -9999 -9999 0.2680841 -9999 -9999 -9999 -9999 -9999 22.65762 -9999 20.20552 1.842316 -9999 24.97313 1.049549 -9999 7.385969 1.447206 2.998671 19.44031 -9999 3.255205 26.34872 140.9769 314.7056 0.3556148 2.421541 -9999 9.068561 4.099425 -9999 -9999 0.7415029 17.8018 1.070809 -9999 -9999 -9999 48.56888 -9999 -9999 -9999
0.8646531 -9999 -9999 32.69019 0.6882028 17.35399 3.131867 1.044584 2.140558 -9999 0.1672282 9.107121 7.195135 20.00579 615.2795 2380.054 2381.87 2381.87 2381.87 2381.87 2381.87 2320.968 2040.324 340.8945 0.2745699 0.141942 11.23385 0.3881471 -9999 0.2177805 -9999 -9999 -9999 -9999 0.4221303 -9999 -9999 -9999 -9999 -9999 4.77216 27.8533 0.3892278 7.837512 0.2753221 203.6485 -9999 -9999 76.50105 0.3835446 0.1523128 4.909405 0.7150875 1.604469 0.6129602 0.7430103 -9999 5.586826 -9999 -9999 0.5462547 0.1087883 -9999 16.23004 7.581923 -9999 -9999 -9999 18.62515 0.2581584 20.65416 28.71213 39.96948 140.5626
16.41248 -9999 0.8010285 0.8961038 -9999 0.1133093 55.57288 0.2409925 2.271808 -9999 1.886974 -9999 1.560502 163.7209 1535.439 2399.066 2399.066 2399.066 2399.066 2399.066 2399.066 2399.066 1883.427 599.538 3.025898 0.2324515 -9999 2.436167 -9999 -9999 -9999 -9999 -9999 -9999 -9999 -9999 -9999 -9999 -9999 -9999 -9999 26.24938 58.81375 59.52419 295.5659 71.99178 0.3429997 -9999 0.1519465 0.663152 2.637732 0.783858 3.497239 -9999 -9999 -9999 0.1738663 -9999 2.342834 298.9772 193.565 296.5112 249.7315 252.9724 156.7134 244.5584 1.127447 0.1996724 26.34591 2.129791 0.8462974 24.47815 -9999 0.1512608
275.7047 1376.116 1192.371 196.9242 -9999 -9999 -9999 -9999 -9999 -9999 -9999 0.4761083 -9999 669.2472 2394.984 2416.08 2416.08 2416.08 2416.08 2416.08 2416.08 2416.08 2386.032 1987.662 2.396979 -9999 -9999 -9999 -9999 23.91094 -9999 -9999 -9999 -9999 3.641541 7.082058 2.370058 -9999 11.80521 0.1365734 32.83009 -9999 -9999 15.76215 97.11091 65.50933 13.65154 1.526996 28.21359 1.076711 -9999 0.3602184 -9999 0.3401856 -9999 1.487402 0.4650143 -9999 118.8415 624.0434 376.8359 304.8764 133.3432 122.0021 20.89469 91.00658 684.783 46.45574 9.204284 -9999 74.34119 29.53069 -9999 -9999
20.11326 274.9255 420.1405 4.915389 -9999 0.6026993 941.4982 63.93627 -9999 -9999 -9999 -9999 2.313471 566.3494 2432.91 2432.91 2432.91 2432.91 2432.91 2432.91 2432.91 2432.91 2432.91 1721.533 0.8560689 -9999 -9999 -9999 -9999 -9999 -9999 37.69545 6.495848 -9999 1.873343 5.211811 0.9218463 -9999 -9999 0.1109302 -9999 0.3130887 -9999 -9999 18.29673 27.15467 8.856057 57.79839 -9999 0.9604713 -9999 0.6861449 0.2851233 0.566305 70.24862 6.879478 0.03235856 69.99804 120.505 207.8454 24.5122 99.21045 163.9747 2.987013 9.245286 0.5152673 513.635 20.0731 -9999 -9999 60.2429 -9999 -9999 -9999
-9999 -9999 -9999 -9999 -9999 -9999 1439.473 717.0641 -9999 1.071151 -9999 -9999 -9999 112.2359 2126.161 2449.554 2449.554 2449.554 2449.554 2449.554 2449.554 2449.554 2449.554 1681.029 4.199932 3.461082 -9999 -9999 -9999 -9999 -9999 -9999 0.3587926 0.8402129 3.401194 -9999 -9999 -9999 -9999 0.4957108 -9999 0.4018804 0.1798649 1.364722 12.05692 19.80114 67.82468 27.60059 -9999 -9999 -9999 30.68847 -9999 11.43717 0.3407989 2.319668 -9999 54.96777 120.9793 3.453247 2.784872 50.40751 80.95425 2.87093 1.737417 8.126184 47.47778 12.56188 0.7997764 -9999 3.86651 1.317371 1.313822 1.166993
9.743537 -9999 -9999 -9999 -9999 -9999 655.2576 1302.59 1.504794 -9999 -9999 -9999 -9999 -9999 52.44077 245.4027 1263.167 2464.44 2466.012 2466.012 2466.012 2466.012 2466.012 2347.557 72.9178 46.71241 1.049366 -9999 -9999 -9999 -9999 -9999 -9999 -9999 -9999 -9999 -9999 -9999 156.9676 -9999 14.07986 -9999 -9999 -9999 -9999 -9999 171.9894 8.425763 36.86265 37.33945 55.25655 38.30609 66.66152 46.45311 14.17605 -9999 -9999 -9999 26.97694 0.5590169 1.76964 25.91204 330.4906 163.1805 271.7849 218.5664 172.6032 80.45374 10.06182 1.393968 -9999 -9999 3.385754 -9999
1.939548 208.3941 0.9930902 -9999 -9999 -9999 -9999 6.570038 0.6746981 -9999 -9999 -9999 -9999 -9999 23.18374 -9999 -9999 570.5739 1452.113 2003.602 1823.338 1342.021 854.5806 966.9108 77.66808 0.6858148 -9999 -9999 -9999 0.1967416 -9999 -9999 -9999 -9999 -9999 0.8739476 -9999 11.7557 -9999 -9999 -9999 -9999 -9999 -9999 -9999 -9999 11.98644 -9999 -9999 -9999 -9999 7.276775 16.09739 10.06025 -9999 -9999 0.1084592 1.190365 36.39553 110.2298 421.4855 347.8272 443.1605 608.4414 827.643 384.1811 404.6025 299.7735 220.061 280.9591 254.288 359.4436 139.1664 7.848336
-9999 2.980386 14.36656 5.600448 -9999 84.25961 0.7767701 -9999 5.593484 13.30095 -9999 -9999 -9999 -9999 -9999 -9999 -9999 -9999 -9999 -9999 -9999 0.4929421 1.635665 -9999 -9999 -9999 -9999 -9999 -9999 -9999 -9999 -9999 -9999 -9999 -9999 0.9617494 0.3991042 0.2685952 -9999 -9999 -9999 27.28522 -9999 -9999 -9999 -9999 -9999 -9999 -9999 -9999 -9999 -9999 -9999 -9999 -9999 10.84958 116.6876 115.3141 145.8749 344.1654 85.8419 89.84925 53.5212 51.10448 258.3948 614.2611 897.5847 631.7006 739.2133 296.2357 159.5125 95.53313 251.9569 314.6115
-9999 0.2838205 13.25699 -9999 3.138087 7.927042 0.08451696 -9999 9.556699 -9999 -9999 -9999 -9999 -9999 -9999 -9999 -9999 -9999 0.504737 2.893345 0.1847394 -9999 -9999 -9999 -9999 -9999 -9999 -9999 0.265281 -9999 -9999 -9999 -9999 -9999 -9999 -9999 -9999 -9999 4.659828 15.07501 -9999 -9999 -9999 -9999 -9999 0.9072896 -9999 -9999 -9999 -9999 -9999 -9999 -9999 -9999 -9999 16.00419 98.56297 134.3073 97.75106 14.36045 215.5233 190.5325 74.88326 2.529185 0.8450475 209.7167 480.5002 842.8521 1433.539 1539.637 1131.799 196.6903 56.77584 240.4342
