DataImport/DataFusion/Data/gpw_v4_land_water_area_rev10_waterareakm_30_min.asc
ncols         720
nrows         290
xllcorner     -180
yllcorner     -60
cellsize      0.49999999999997
NODATA_value  -9999
[rows 33 to 65 of 290, columns 592 to 665 of 720]
11.07687 0.3687358 43.22584 27.29933 0.03564803 0.1243157 0.5691256 1.179975 0.07938219 6.158453 13.77558 12.10782 11.20335 30.6237 160.7755 251.1628 51.38913 11.3549 8.176509 25.32832 7.974399 7.345392 8.151967 17.65765 18.91573 6.617218 1.765181 11.77764 12.51943 6.612504 0.7551895 15.3818 11.28583 5.485708 1.926447 0.175835 0.3752163 65.40945 23.51232 5.388113 0.02676881 2.383153 5.611196 6.891142 2.787767 2.838656 25.88868 0.5813175 0.1678663 0.434098 0.401187 0.3161529 42.50142 207.0255 187.6423 242.5602 271.5246 211.5645 236.6526 206.8175 151.8418 48.75618 14.5734 0.8990178 29.92705 40.64433 86.44794 198.325 186.7258 291.5013 361.1671 449.6453 294.1344 258.3885
31.86971 28.08524 4.587909 0.03633933 2.426888 3.737443 5.374502 9.245043 13.34659 6.38216 0.2177649 1.18821 1.155787 85.53056 255.8512 87.92049 173.0856 34.56981 24.09963 40.00052 17.71 8.401414 12.90292 31.83281 26.71714 11.38334 6.252033 22.11638 17.6434 10.46186 17.97738 1.747529 0.05389924 9.181154 12.09104 15.41192 29.68039 34.23188 20.06653 61.22677 31.17605 28.65886 8.33151 2.506062 2.083102 1.762537 10.28339 14.85002 8.734393 9.147322 12.64196 7.897214 22.58769 29.62059 74.20265 149.332 185.8999 234.2877 227.3133 163.5682 144.9673 62.83712 1.293017 0.009018893 0.1434224 0.5398775 1.919482 5.218444 9.564334 98.56651 116.0439 300.2476 210.11 108.5707
3.844692 5.188713 3.624767 4.542394 3.887782 0.05567105 0.2407109 0.6271172 1.045921 0.07370345 0.01847636 0.3158761 29.66232 35.38836 354.8485 144.1829 69.99683 39.56924 20.08298 46.78858 25.8479 22.39187 14.69112 16.64106 19.07994 2.284344 6.603038 7.838521 6.256834 9.677835 0.08282612 1.92087 18.56492 24.74548 14.12456 0.5151488 3.165701 5.375353 7.82655 55.91997 24.53695 8.098977 28.14076 16.0326 4.226865 2.902715 1.222739 0.9363191 5.303937 6.404802 3.122835 3.625339 5.575747 63.65287 0.668455 3.647884 10.46077 35.79896 38.22113 69.76804 122.3056 173.4356 32.21604 2.219866 0.02798455 0.3878803 0.8401501 1.517552 5.627725 47.72839 106.7148 151.1066 145.5347 175.3895
1.704741 4.106169 5.581799 5.774458 6.150117 0.6355585 0.4712119 0.3881296 1.067891 0.643827 9.868076 76.86603 67.21439 32.32724 148.5774 263.4389 72.02115 22.60224 14.48849 7.562351 6.000679 2.351593 15.87401 21.53207 12.48103 5.069257 25.88934 19.98718 2.816906 3.22123 0.8600354 16.65859 14.15623 21.94416 0.1510188 0.4438678 2.144911 0.2755514 0.1316026 0.3475258 3.351103 27.02933 11.29184 26.16191 18.88433 7.962671 7.604847 2.6564 2.713335 1.892243 21.34123 15.17399 2.958959 52.58281 22.53335 5.531099 8.31078 9.943916 12.97306 27.93566 10.81857 53.53517 90.64658 83.33721 122.208 132.9198 107.5013 91.14835 138.5958 121.7286 70.9615 102.5159 146.7957 101.9842
1.017991 3.185107 32.99486 7.273881 17.9628 15.62199 8.100135 3.733865 0.7167469 12.53952 79.55294 148.4486 65.8239 35.11794 37.76259 400.5953 179.5627 55.99009 8.831436 3.005401 6.85021 10.29733 15.07132 17.99394 3.423333 16.82138 13.16549 12.69103 18.52259 1.103806 12.97119 7.734159 0.0483407 6.804889 2.298063 0.009562917 3.720412 2.506371 3.609878 3.950235 2.295383 16.26127 9.245974 0.5510516 2.721734 2.319007 11.02196 5.894812 16.2799 4.682669 5.408919 5.480325 2.031827 4.685722 64.04915 18.06395 25.65888 14.60308 9.373137 14.33635 18.72971 7.458727 18.8265 10.19177 5.699584 38.5028 65.64417 106.1785 208.5504 185.4727 236.4606 98.49566 3.95686 0.8390409
1.193899 4.489569 23.34232 7.470023 0.7470567 1.250717 19.09505 10.09129 2.887416 10.92297 51.20721 98.78211 152.5752 24.85952 21.15611 100.2622 440.0975 116.915 27.49909 48.38325 7.349363 0.8127408 6.971164 5.443573 4.366873 4.450956 2.130799 2.242296 9.076876 9.253535 2.25217 10.11647 0.01950431 4.916482 4.9496 9.342085 10.50258 3.692605 9.502782 8.8223 2.3651 0.9596332 13.84176 15.66018 18.12662 10.03369 7.132105 5.593822 1.733622 5.774995 14.71158 10.21974 14.74502 25.78178 9.47308 3.797214 2.221992 15.90529 11.46604 27.64882 20.02553 11.63175 3.892883 5.84036 4.938412 6.903565 10.7436 12.45418 42.40429 219.9336 248.9166 16.37978 0.09831864 -9999
20.34348 14.92088 3.874991 3.329952 2.400465 13.82589 60.83226 45.47912 9.312454 23.66215 42.61037 85.76532 59.1553 119.9084 75.48998 44.67102 484.1192 347.2569 76.68397 16.57698 19.16526 31.67307 8.640807 3.416245 3.855183 4.701663 1.863101 3.086979 34.6827 15.41405 11.49843 2.839048 2.165839 6.175268 5.129934 1.860727 0.04998716 5.098027 14.56328 48.57113 2.381903 2.441557 10.79486 16.28935 18.75744 21.68325 42.18408 37.64136 5.446393 7.618619 8.045036 6.925165 14.52297 21.54597 36.85069 2.970542 7.622616 10.97041 8.346462 26.0046 37.97175 53.90548 8.82451 0.8193079 1.680486 12.90656 4.729356 7.310808 15.23707 106.1745 165.7381 89.95425 2.130893 0.7671462
1.141488 24.90925 6.56454 1.561568 4.686038 6.164692 16.67142 49.30784 83.90664 106.8294 83.7768 112.3975 162.9437 56.56464 32.2766 41.07281 57.22179 323.6407 506.8077 264.43 28.46523 5.043513 0.7973752 0.3844784 1.146466 0.2032178 0.08110997 1.917688 0.1526241 2.932657 1.370003 1.696004 6.942365 6.244083 13.71148 5.640683 6.050782 1.523526 0.01010428 6.246784 2.495021 2.691374 2.316157 3.158306 3.301178 30.96178 26.18403 22.86767 16.90432 16.85015 10.47498 5.805334 4.181819 15.3054 30.38888 8.582768 0.9216512 10.26183 2.264044 8.138958 6.755086 13.21768 17.8318 9.739198 23.86023 4.017775 1.02202 9.425571 16.38623 19.26712 58.84096 44.87053 54.50598 26.87654
14.55383 53.51271 10.58766 2.757188 7.777446 22.22384 9.058927 59.63454 88.46698 117.0134 66.61303 96.25183 223.777 120.4325 95.79947 115.6455 87.1306 53.32719 58.5715 222.3543 301.1566 274.975 113.9538 0.2612121 0.270952 2.170923 0.9093584 0.754754 16.1763 1.33184 1.713287 12.17118 11.39904 4.628447 11.72426 5.231504 2.848689 1.926242 2.981756 9.532136 6.952831 6.784868 6.182796 2.618008 2.910741 4.505256 2.114264 1.957016 0.7797784 0.5501921 1.363302 20.75365 21.73862 29.37317 5.211475 4.142659 12.25594 24.4588 13.99487 1.568158 5.410756 5.619712 5.095653 16.61414 29.07936 18.01365 24.13518 26.82292 0.259614 0.324405 8.052618 4.813007 1.815538 0.06261571
15.07974 30.29962 20.37729 22.64468 48.66124 90.2365 71.73462 73.17277 132.5635 96.35024 88.48833 97.44045 63.02176 78.61083 130.4543 110.8844 141.8945 143.1904 244.0115 154.2729 142.4581 159.5275 219.3729 232.7396 223.1238 83.9454 80.33051 18.69519 39.46875 28.92223 31.70341 35.40695 23.72832 18.08519 8.331918 15.62908 2.657073 3.268641 0.4436215 10.1836 8.804366 4.569672 11.24157 9.456688 2.708881 3.320813 3.135601 2.850348 10.41054 3.271993 2.100115 11.23358 25.78771 4.220094 6.650674 3.210308 0.4015288 3.564223 5.521745 8.03045 5.328945 4.007521 4.697525 40.70399 43.05648 9.840533 4.952885 2.353403 1.589374 2.342982 0.2447307 1.020712 1.755842 5.700915
4.91962 14.84027 6.972305 60.4912 75.56223 66.6539 30.7641 7.416813 31.83963 27.43147 27.9431 27.77179 26.50968 30.00864 38.4653 67.92471 70.64999 41.17173 30.2365 14.6587 2.826744 4.9108 8.652246 24.42875 50.77237 88.20773 155.7138 303.5456 144.8124 142.8129 119.8066 76.3811 55.25216 53.27864 108.8542 68.81495 36.38673 8.781183 3.265716 12.00359 19.24397 15.46478 1.833286 7.34641 5.932658 1.496326 1.013259 2.239415 9.021092 24.62649 26.11274 24.51549 6.342014 9.472228 19.50419 9.28688 11.05287 10.87061 2.739776 3.061759 0.8258672 6.787652 7.907618 38.00337 25.04004 4.739354 3.963409 4.849205 7.390416 2.1489 0.7303378 5.3938 5.476283 48.07853
0.9276657 4.349629 44.5403 72.97243 2.105173 1.30243 0.6758599 5.301447 15.86694 9.290837 11.5726 11.56669 9.401483 13.55879 5.615471 2.010239 6.136741 17.89259 6.987427 2.856723 3.784545 2.89623 4.365809 8.9205 6.56044 3.689936 10.47866 229.1799 76.69287 88.14167 98.09734 27.0167 8.484694 6.718705 3.869366 10.31421 134.3044 94.63982 97.65144 51.17118 25.98931 21.95119 15.73984 11.21613 1.564421 8.369681 4.39948 0.8195947 18.14345 72.37444 21.06193 22.95384 29.63344 46.84543 43.06514 55.40022 45.78936 9.186758 14.51983 12.73941 8.363706 13.03575 8.23013 32.73983 28.38473 10.73698 10.83893 10.36797 13.20667 22.41821 13.64737 13.59686 33.40665 28.78663
27.63961 35.94078 15.99736 68.64866 0.4806898 2.490639 16.70045 4.191704 10.74014 0.6466088 3.258101 4.684066 6.441539 5.158367 4.684571 4.41308 10.43544 11.29543 4.535272 4.195855 6.51012 8.593881 9.812224 18.4868 6.43751 4.520359 5.24773 128.438 102.1696 50.3696 48.48976 33.32513 37.92503 36.05887 23.498 3.135883 30.63622 25.83794 1.298906 111.1037 7.017376 2.015492 15.60059 18.92744 12.88674 7.351206 3.952826 5.327886 1.853577 20.31835 89.65896 10.28334 19.82507 19.56574 10.64103 34.20423 39.76455 6.846967 16.35467 13.76822 12.4364 5.567515 11.59731 26.58994 22.77652 9.094347 10.9781 35.84004 80.26133 27.47284 6.975079 18.72913 20.20234 3.68127
3.049836 15.69281 17.43183 3.480934 0.3847598 0.5194277 0.237443 0.9824961 4.348513 1.724896 1.006478 0.5411212 24.97116 3.661342 1.028402 1.122945 3.327934 5.926906 7.478664 12.5498 11.10557 4.105695 1.45992 0.975916 0.757544 1.953556 93.82642 173.9779 24.70742 28.8986 19.40325 33.17921 33.95674 9.829631 17.11792 32.45775 2.872546 2.548502 100.6172 63.39144 6.118358 0.7503924 0.1018074 1.645061 0.4753408 17.05996 5.017033 5.197509 19.33444 16.55752 2.105053 15.17069 5.107612 4.619124 1.531773 9.612267 3.403073 3.839309 17.879 33.98899 7.41966 3.244771 19.091 7.255976 2.482174 54.51645 78.1386 199.0044 4.84538 12.59331 6.303967 1.818584 2.653722 8.807588
10.47446 1.240126 2.79794 0.9198174 0.3811464 2.048539 3.986215 0.7430945 2.744776 9.29353 0.09175947 0.6787164 0.8166543 2.373854 0.5745074 1.102144 1.523756 0.2410204 0.4479218 0.3320851 74.28167 74.90031 92.01344 98.88041 111.6539 126.8371 54.90193 11.53958 5.183199 6.347805 9.119631 2.608989 13.11638 22.53857 1.506817 1.792481 2.01111 2.000249 73.54031 30.99159 1.005998 3.179189 2.80393 3.37458 13.00024 13.73491 7.974599 5.142943 16.39105 37.91064 9.915355 11.39454 28.11749 12.39113 28.53173 33.44795 5.138194 5.366297 2.382083 9.83331 3.364891 5.52027 4.061115 4.656395 4.368807 12.6478 4.46214 14.76093 0.955553 9.56925 4.154632 0.7293104 0.608902 13.50221
52.27687 3.790902 5.256433 1.027546 8.569721 1.206328 3.225465 0.7473658 0.5259866 24.70036 57.53423 50.81123 44.92171 50.55844 41.46458 49.94011 51.93369 56.84798 52.94212 69.03316 11.18268 1.926529 1.538387 2.603475 0.2571346 0.5612258 0.3973894 0.4206938 0.4888857 0.4321979 8.33899 15.97932 11.7241 1.50571 4.497909 3.389235 2.440456 35.88355 104.7405 9.273834 7.689497 1.168922 0.5494276 14.40746 4.170438 3.67095 0.8799207 7.810286 13.48189 54.95992 36.15052 2.384521 26.51554 49.49952 13.97784 10.78657 3.388648 11.3637 12.14908 10.73115 1.677462 2.622308 3.381268 0.09332225 0.3973133 0.9889345 1.14941 0.2914661 0.2446515 5.142228 0.1975506 4.089739 0.5260851 2.791633
23.3078 65.92235 68.69939 4.263856 1.147618 2.010962 51.83144 64.80814 85.26515 76.43018 27.43559 -9999 0.08345501 0.5320596 1.527821 5.925448 4.121758 0.01193688 0.1068268 0.0472486 0.05917353 0.2370989 0.2604178 0.3328109 0.438382 0.2725037 2.62699 8.202815 6.120281 10.81675 6.483261 3.234737 2.646495 0.8774893 0.567515 20.70296 57.14349 124.2896 40.16519 0.8757999 5.442973 9.240429 18.27636 13.85836 0.2368714 17.05705 11.80509 23.30017 40.1382 38.06246 9.220594 5.113316 8.458136 11.96609 6.155759 10.55661 4.07322 15.83458 18.01379 0.09430483 1.040926 5.079466 8.345905 5.27756 0.7489587 0.534094 2.656523 0.08249816 0.8447755 0.9067822 0.1187375 2.741811 1.071347 3.931723
1.524276 6.878469 15.03259 39.64351 48.8967 40.42518 41.02027 15.93206 30.71334 10.17572 29.64804 5.839789 0.07253465 1.120345 0.8748423 0.03600424 0.02390739 0.01202813 0.03621049 2.326606 2.675629 5.359683 7.914899 11.84799 11.55817 9.232713 8.132748 0.07241753 0.1571611 0.1321089 0.517503 0.3613313 1.753891 1.56432 44.2396 36.81726 0.1208812 34.38223 19.45646 5.94206 0.1317697 0.3610977 13.28098 14.48697 12.87788 8.117517 0.2172883 2.50889 0.4921347 1.554617 3.996029 2.28173 7.272357 41.35517 15.04891 1.405887 13.45605 26.14193 0.2893775 4.346713 4.894026 15.95535 56.94213 78.02583 20.81303 15.25149 20.62455 13.09183 10.4042 4.942145 5.732581 59.46001 12.33051 6.305246
4.730109 6.391931 1.172306 1.058925 1.752645 17.25566 45.64001 16.48139 8.557212 2.332965 35.92916 21.11282 0.3307177 1.986976 2.39432 4.08774 4.345953 3.433028 26.08973 16.23219 5.327838 0.4136915 0.08584425 0.01225326 0.1344057 0.03662532 0.09785214 0.04882328 0.04874147 0.1721471 0.6956846 29.0906 37.4731 34.56907 15.07466 0.06083534 0.01213364 0.04879485 58.87816 10.72318 21.81674 13.38168 7.361824 -9999 1.708353 3.725818 3.521377 0.1337351 0.6096888 2.957276 2.262293 0.5280802 6.05577 12.9835 27.32298 51.07501 13.23803 13.43047 1.07056 0.1458873 0.1946765 0.3034403 1.383471 0.7769532 -9999 0.06113332 9.459979 -9999 -9999 0.01227515 0.2089147 1.219568 1.846373 3.338673
12.64447 19.22914 14.17945 20.72098 34.47088 13.80491 -9999 17.93452 2.022413 0.5075737 9.537127 15.26779 0.1244854 2.674303 0.3470355 2.860934 7.740288 15.72137 11.36399 2.697862 9.190398 11.87514 25.03143 13.74421 29.88174 29.00069 14.12502 11.11732 24.86198 72.12024 48.98993 18.05478 1.924583 0.2355489 4.362323 8.70395 37.09455 29.94234 11.24472 0.06230196 3.728554 1.358255 6.731998 9.178397 8.928628 0.2980585 0.5574432 3.516708 0.6234829 5.202656 1.372345 18.26818 0.5786948 -9999 -9999 -9999 -9999 -9999 -9999 -9999 -9999 -9999 -9999 -9999 -9999 -9999 -9999 -9999 -9999 -9999 -9999 0.3206132 -9999 0.06169163
6.79158 9.100123 6.372875 2.720939 28.70016 1.346569 1.322037 7.374293 10.81927 0.2148644 5.203025 21.4357 0.7460529 5.458749 7.946259 20.74869 25.76651 2.548759 2.608129 1.807856 1.391738 0.4259448 14.02162 2.017594 1.184559 4.225353 6.767121 13.70322 3.044178 0.9820036 25.0629 0.01264894 0.8762236 0.08865992 11.32788 8.055381 4.473896 28.7228 19.63635 0.08862133 6.006331 12.45735 12.64401 1.539649 0.2388788 0.1005014 0.8597457 4.351697 2.837463 3.489895 -9999 -9999 -9999 -9999 -9999 -9999 -9999 -9999 -9999 -9999 -9999 -9999 -9999 -9999 -9999 -9999 -9999 -9999 -9999 -9999 -9999 -9999 -9999 -9999
20.42491 9.066668 13.44723 70.80286 11.71358 22.59895 1.759001 11.20553 4.356716 25.29806 2.386153 18.37129 1.030357 4.302979 12.75763 22.08695 0.253915 4.779719 2.985283 1.070672 1.082767 12.81813 7.045996 0.9670973 2.253283 0.986056 1.558369 4.554365 9.645166 20.69915 11.21834 0.01273636 0.4703538 11.10279 4.05469 0.03811878 1.417124 1.626377 28.49585 16.71708 25.22983 5.923951 8.216196 2.657063 1.064068 0.2047276 1.786696 0.9097525 1.667691 0.3931636 -9999 -9999 -9999 -9999 -9999 -9999 -9999 -9999 -9999 -9999 -9999 -9999 -9999 -9999 -9999 -9999 -9999 -9999 -9999 -9999 -9999 -9999 -9999 -9999
54.59388 44.78496 8.89875 16.27056 15.23186 51.61226 15.06919 20.3501 30.55783 28.41289 15.12716 10.84066 1.164474 3.75062 9.284801 6.374563 8.910355 0.5295306 2.235408 7.200261 12.47888 4.395048 4.416121 2.006205 3.565846 4.952643 6.712447 7.454762 4.995981 30.28794 55.93837 14.31321 8.047342 12.96641 10.55974 1.404972 0.3737385 12.76092 15.44361 7.797597 0.129172 1.31848 2.781665 0.2201892 4.319983 0.8819484 1.068622 1.969337 -9999 -9999 -9999 -9999 -9999 -9999 -9999 -9999 -9999 -9999 -9999 -9999 -9999 -9999 -9999 -9999 -9999 -9999 -9999 -9999 -9999 -9999 -9999 -9999 -9999 -9999
4.34766 1.479219 29.19283 27.35441 26.20275 17.77237 20.35792 7.665507 6.09718 6.485467 37.85162 17.46029 0.5612478 9.41418 6.043643 8.777184 3.836436 14.82224 17.00128 5.996198 2.196015 1.00465 1.585721 4.51616 8.883933 14.60889 8.74537 11.43441 8.870078 14.67284 15.14949 11.02899 12.86101 0.8795477 7.740415 12.60512 11.88969 -9999 12.00635 3.108727 4.37911 1.225798 1.431532 4.906552 5.868301 2.777445 -9999 -9999 -9999 -9999 -9999 -9999 -9999 -9999 -9999 -9999 -9999 -9999 -9999 -9999 -9999 -9999 -9999 -9999 -9999 -9999 -9999 -9999 -9999 -9999 -9999 -9999 -9999 -9999
24.22659 25.71168 4.778312 8.060967 6.570827 11.24758 21.03542 22.08431 3.79831 2.085508 5.0531 24.1058 20.77506 3.400143 0.2535302 2.867683 0.1591101 3.623027 11.15977 6.272281 6.166163 12.40767 8.302827 6.816999 7.206116 13.80503 0.3322661 9.230616 10.43886 87.22107 13.81717 12.88252 8.331782 1.597059 5.49385 4.745655 5.816128 2.651653 5.192818 2.780873 1.758129 3.779004 1.370464 0.75879 1.813871 -9999 -9999 -9999 -9999 -9999 -9999 -9999 -9999 -9999 -9999 -9999 -9999 -9999 -9999 -9999 -9999 -9999 -9999 -9999 -9999 -9999 -9999 -9999 -9999 -9999 -9999 -9999 -9999 -9999
7.588674 9.752348 11.99847 7.049471 3.448093 1.590528 6.385709 1.304495 5.101617 12.51442 15.50159 15.60306 5.429945 34.00592 7.931069 2.312924 0.512532 2.019983 3.692621 1.168121 2.263909 2.157253 5.327941 7.030356 2.39385 2.927323 1.6309 3.304622 3.36082 13.93252 11.87365 3.775517 2.888817 1.691037 1.771463 0.5645804 3.20707 0.6035153 0.9513966 0.2148827 1.387172 1.04881 0.09390103 -9999 -9999 -9999 -9999 -9999 -9999 -9999 -9999 -9999 -9999 -9999 -9999 -9999 -9999 -9999 -9999 -9999 -9999 -9999 -9999 -9999 -9999 -9999 -9999 -9999 -9999 -9999 -9999 -9999 -9999 -9999
14.6384 12.62607 7.375123 6.490868 3.768009 3.447538 8.179913 10.47181 13.89343 17.2984 -9999 0.1362693 0.6653656 7.572556 15.18143 2.119864 1.295889 10.2125 9.246496 2.816038 0.2444693 1.627548 4.96734 0.7342737 1.362712 0.02732925 5.303886 2.589538 4.612258 4.953259 2.254235 3.935466 8.974535 7.90728 6.00198 1.672536 0.9641773 2.744466 4.561565 0.02715265 0.02710972 0.08217571 0.5197868 2.082231 0.3672807 -9999 -9999 -9999 -9999 -9999 -9999 -9999 -9999 -9999 -9999 -9999 -9999 -9999 -9999 -9999 -9999 -9999 -9999 -9999 -9999 -9999 -9999 -9999 -9999 -9999 -9999 -9999 -9999 -9999
2.386479 19.36148 0.02763987 0.1106719 0.02767486 1.390124 11.10029 1.674094 5.972489 11.77954 5.440055 2.119255 2.602893 1.978026 1.204527 0.0552278 0.7978626 0.7690928 10.08307 15.60875 6.497859 3.63012 48.21774 302.1437 449.0084 242.2449 27.91443 13.20937 8.878695 7.297389 1.870007 0.7610468 1.356189 1.453038 5.915615 9.450215 23.42541 32.01028 33.99913 4.482927 0.0569909 0.8040663 0.1649695 0.3402753 0.01376669 -9999 -9999 -9999 -9999 -9999 -9999 -9999 -9999 -9999 -9999 -9999 -9999 -9999 -9999 -9999 -9999 -9999 -9999 -9999 -9999 -9999 -9999 -9999 -9999 -9999 -9999 -9999 -9999 -9999
12.22721 3.744006 3.305349 0.4758165 2.331033 6.223463 1.712803 3.508387 0.7928652 0.02792559 0.5890546 0.09796473 0.05576004 1.343555 5.788677 0.9523203 0.111728 2.634062 1.922422 0.8694391 1.851116 10.76238 51.44594 970.7295 152.1146 31.50263 4.574514 8.688906 4.33657 1.846643 3.013605 10.40201 6.52072 19.64861 17.9163 19.87417 26.64667 7.129552 1.753797 13.77125 0.3612666 0.04679249 0.5481306 1.366195 -9999 14.39458 33.23178 0.2513413 0.01404712 -9999 -9999 -9999 0.0007958553 0.6254109 -9999 -9999 -9999 -9999 -9999 -9999 -9999 -9999 -9999 -9999 -9999 -9999 -9999 -9999 -9999 -9999 -9999 -9999 -9999 -9999
2.561333 7.908956 1.192263 0.8337901 -9999 1.528825 1.178434 1.131232 1.697558 5.332678 7.149346 7.250952 0.8646395 2.234575 24.87694 10.53673 0.04260744 0.4670549 5.332 5.268355 8.334146 21.35141 94.99709 4.630021 -9999 0.9199262 3.5739 0.6654692 3.023793 0.5657879 0.1986022 0.766871 1.40603 5.089428 2.955911 2.90671 0.8485914 0.8050598 4.067013 1.949199 0.2827765 21.06444 4.673745 0.4819551 0.4313967 0.04625143 0.01415708 118.5901 29.28282 0.296862 -9999 -9999 0.3277848 19.27419 1.038761 -9999 -9999 -9999 -9999 -9999 -9999 -9999 -9999 -9999 -9999 -9999 -9999 -9999 -9999 -9999 -9999 -9999 -9999 -9999
6.354282 3.762447 3.830894 1.054121 2.318073 7.427816 10.76701 12.04803 14.12118 19.27674 27.597 14.2536 19.1773 15.31394 4.436254 24.01493 37.10256 28.49605 24.04045 12.24722 1.113059 14.54294 32.31973 11.43265 5.744347 3.469074 0.5015677 0.2433421 15.63182 2.782455 0.7121143 0.1285493 2.393715 6.221995 16.73197 7.599883 4.338353 0.5006651 3.261185 5.7409 15.29491 6.112452 1.991328 0.3714695 2.878043 0.2434547 86.7629 316.5183 199.6719 36.52423 2.272671 44.07209 8.422749 5.497131 32.15643 -9999 -9999 -9999 -9999 -9999 -9999 -9999 -9999 -9999 -9999 -9999 -9999 -9999 -9999 -9999 -9999 -9999 -9999 -9999
3.092206 0.6519796 1.720006 0.1154122 0.01441861 18.65084 6.551173 3.47792 23.44257 5.11505 -9999 -9999 -9999 -9999 -9999 -9999 -9999 -9999 -9999 40.01595 28.19408 3.155739 0.3902214 33.67545 4.114318 2.698734 4.176967 6.887589 12.29881 3.286742 16.34055 14.13352 13.47872 8.055305 0.1442001 1.862651 3.031545 0.6511207 3.709141 5.897219 26.44506 14.47619 14.91298 14.33971 17.88332 27.21532 87.80454 113.4825 118.5164 0.01450216 0.5222898 20.51157 -9999 0.05789333 26.54483 -9999 -9999 -9999 -9999 -9999 -9999 -9999 -9999 -9999 -9999 -9999 -9999 -9999 -9999 -9999 -9999 -9999 -9999 -9999
10.83725 3.510921 14.83833 12.00354 10.51593 7.338023 2.660959 0.4685715 1.227031 19.92248 -9999 -9999 -9999 -9999 -9999 -9999 -9999 -9999 7.391582 14.61615 53.97586 14.06244 0.02930547 1.232262 28.90041 1.009221 22.4893 22.68883 16.38705 17.33963 2.568923 0.07310504 0.5278605 6.811377 7.208443 3.060526 0.7336426 0.3659556 2.8981 2.583531 67.13946 191.8385 1.994743 -9999 0.1900474 0.6710775 0.8744192 247.4432 265.5078 0.01462666 3.20668 102.9156 0.0731329 0.3067509 8.33625 -9999 -9999 -9999 -9999 -9999 -9999 -9999 -9999 -9999 -9999 -9999 -9999 -9999 -9999 -9999 -9999 -9999 -9999 -9999
