DataImport/DataFusion/Data/gpw_v4_land_water_area_rev10_landareakm_30_min.asc
ncols         720
nrows         290
xllcorner     -180
yllcorner     -60
cellsize      0.49999999999997
NODATA_value  -9999
[rows 64 to 95 of 290, columns 360 to 431 of 720]
1388.069 1770.239 1603 477.5549 -9999 -9999 -9999 -9999 -9999 1110.522 546.6703 1495.379 1847.239 1870.708 1870.273 1873.36 1862.982 1874.607 1870.304 1873.046 1873.983 1874.343 1870.241 1860.68 1848.646 1854.849 1855.757 1839.041 1845.843 1850.998 1856.469 1845.675 1849.995 1869.58 1843.634 1828.34 1838.924 1851.606 1807.674 1855.784 1874.637 1875.087 1860.393 1868.614 1869.181 1874.039 1874.803 1849.084 1874.442 1833.377 1871.778 1835.971 1869.187 1841.885 1855.532 1851.422 1853.46 1871.611 1874.117 1874.169 1872.244 1872.383 1874.273 1848.421 1869.464 1871.216 1870.779 1863.714 1869.47 1871.592 1871.476 1870.839
1882.621 1896.511 1859.581 510.1696 -9999 -9999 -9999 -9999 415.2156 1780.554 1572.252 1827.6 1889.882 1894.661 1894.155 1892.729 1893.716 1891.217 1865.333 1889.929 1891.359 1892.435 1895.801 1866.42 1873.028 1856.334 1856.834 1827.448 1857.902 1876.669 1867.399 1865.959 1891.2 1879.186 1884.51 1877.784 1870.746 1884.335 1893.384 1870.921 1874.791 1868.393 1868.623 1893.733 1893.34 1894.585 1895.841 1890.511 1895.442 1886.202 1854.646 1889.909 1868.95 1892.787 1893.13 1849.349 1881.138 1879.489 1889.411 1895.104 1889.482 1859.376 1892.769 1892.726 1894.441 1893.713 1891.802 1892.138 1893.783 1887.781 1887.975 1869.033
1905.44 1580.448 426.5647 -9999 -9999 -9999 22.64903 515.4232 1565.422 1861.323 1863.646 1866.217 1866.993 1886.134 1909.619 1916.997 1914.812 1912.989 1916.28 1915.738 1911.61 1911.575 1915.115 1908.688 1890.928 1901.208 1911.935 1903.581 1857.346 1907.621 1914.063 1899.276 1878.089 1908.059 1889.239 1909.202 1916.027 1880.205 1914.63 1917.068 1915.484 1916.185 1892.493 1895.721 1906.517 1905.042 1909.795 1867.85 1894.135 1895.409 1900.711 1904.598 1905.995 1915.945 1910.866 1917.391 1915.665 1916.526 1909.796 1898.085 1917.951 1885.189 1915.914 1912.98 1915.695 1916.583 1914.603 1907.11 1915.854 1908.036 1904.796 1885.234
1892.647 1630.964 894.8833 0.1558219 137.2899 644.7182 1332.709 1681.404 1755.459 1936.635 1926.982 1915.396 1925.928 1886.886 1922.905 1923.568 1928.531 1933.262 1929.348 1938.948 1936.607 1928.752 1932.312 1927.979 1905.601 1929.202 1923.807 1921.396 1886.156 1910.816 1931.017 1932.328 1921.275 1930.945 1925.012 1933.44 1937.662 1938.782 1935.515 1917.746 1933.474 1936.875 1934.647 1913.151 1937.572 1928.432 1925.555 1908.211 1936.153 1934.152 1936.772 1933.9 1937.49 1934.993 1935.651 1937.228 1937.383 1935.683 1939.109 1936.481 1781.635 1792.136 1923.873 1932.466 1930.36 1937.977 1929.303 1933.907 1931.515 1925.469 1927.871 1929.3
842.0036 384.696 -9999 1456.422 1959.006 1956.531 1959.047 1959.325 1959.577 1958.656 1956.752 1943.231 1947.203 1945.649 1934.869 1956.536 1957.306 1959.303 1959.716 1960.119 1958.845 1956.305 1958.352 1946.981 1954.115 1954.821 1956.292 1948.509 1944.017 1953.247 1956.229 1956.605 1958.503 1949.74 1959.057 1949.05 1941.747 1954.826 1954.708 1956.583 1958.1 1958.182 1955.463 1939.767 1951.007 1959.899 1950.941 1957.902 1957.827 1955.208 1927.74 1955.032 1941.484 1954.574 1958.777 1959.837 1958.456 1947.744 1946.461 1950.944 1692.45 1766.335 1959.639 1959.703 1958.737 1956.105 1958.086 1958.13 1955.731 1949.464 1949.158 1940.687
-9999 -9999 145.0748 1815.372 1980.309 1979.974 1977.073 1976.737 1973.119 1980.156 1980.98 1980.091 1978.744 1979.936 1971.514 1953.705 1969.668 1976.861 1976.973 1980.837 1980.242 1978.653 1979.178 1975.398 1968.546 1976.818 1963.428 1978.557 1973.565 1978.426 1974.272 1970.604 1971.08 1978.689 1953.501 1980.476 1965.261 1961.674 1948.384 1979.4 1977.591 1968.861 1968.805 1975 1980.937 1979.837 1974.322 1977.964 1961.811 1975.144 1961.568 1974.825 1975.161 1960.12 1973.251 1978.614 1974.508 1970.222 1972.369 1972.62 1972.624 1839.689 1912.746 1962.245 1967.736 1977.029 1977.363 1978.447 1979.292 1977.362 1976.148 1967.112
755.8749 1503.43 1897.576 2000.805 2000.306 1995.446 1996.486 2000.641 2001.69 1997.242 2001.463 2000.049 2001.08 1994.972 1996.039 1995.486 1968.777 1999.395 2000.095 2001.69 2001.279 1994.231 2001.1 1999.008 1999.34 1996.913 1997.76 1996.679 1978.025 1999.066 1986.49 1994.357 1997.843 1999.291 1998.444 1992.459 1983.833 1955.346 1978.248 2000.752 1993.303 1986.874 2000.712 2000.897 2001.281 1997.096 1985.481 1980.65 1996.884 1994.81 1984.261 1991.4 1990.401 1989.413 1977.021 1994.205 1983.026 1990.725 1985.439 1983.98 1989.741 1993.887 1774.415 1830.477 1936.339 1972.665 1996.334 1999.335 1999.072 1999.414 1997.887 1993.612
1827.041 1997.217 1993.95 2013.359 2018.138 2016.659 2019.834 2016.468 2022.248 2021.117 2021.727 2019.479 2016.651 2019.286 2021.62 2021.824 1982.204 2014.538 2021.847 2022.248 2022.18 2007.03 2018.676 2022.074 2004.792 2019.992 2018.885 2011.454 1987.893 1982.912 2011.121 2018.729 2016.139 2020.098 2010.782 2020.993 2015.856 2017.84 2014.63 1979.359 2019.386 2022.248 2022.248 2011.245 2006.718 2018.042 2021.619 2015.931 2012.486 2000.036 2017.093 2018.455 2015.485 2014.199 2009.981 1995.833 1998.252 2011.804 2016.745 2007.18 2001.993 2015.381 2013.45 2014.06 1532.569 961.2004 1694 1997.676 2020.682 2017.443 2014.272 2018.825
2042.505 2041.426 2040.071 2036.138 2033.344 2035.608 2040.479 2040.298 2042.473 1996.697 2041.952 2030.005 2035.654 2014.901 2041.774 2022.037 2017.936 2042.517 2042.241 2042.573 2036.404 2033.891 2034.871 2034.676 2030.22 2025.028 2030.764 2035.387 1995.037 2022.847 2036.289 2037.009 2038.809 2003.345 2034.286 2036.93 2040.456 2042.373 2042.155 2041.034 2041.723 2041.71 2035.564 2031.396 2021.26 2042.387 2042.651 2042.465 2040.84 2040.148 2025.919 2026.257 2026.038 1995.777 1976.283 2035.592 2034.532 2036.19 2016.204 2036.958 2035.658 2034.711 2035.571 2030.082 2034.306 2032.624 2032.689 1902.855 1713.846 1980.323 1994.238 2028.715
2062.656 2061.939 2060.425 2062.357 2062.9 2055.873 2049.266 2062.402 2027.523 2057.136 2062.899 2062.899 2060.426 2058.104 2061.954 2029.649 2062.447 2062.785 2060.905 2059.057 2056.073 2056.573 2034.421 2052.466 2056.36 2057.007 2046.641 2054.39 2040.313 2047.234 2044.291 2047.823 2043.659 2049.87 2027.026 2047.297 2060.939 2061.034 2058.878 2059.951 2060.876 2059.254 2052.671 2057.105 2059.864 2057.024 2061.696 2061.479 2062.9 2062.899 2062.662 2059.7 2057.676 2042.611 2048.063 2042.602 2042.819 2053.013 2053.44 2051.227 2059.572 2057.376 2059.174 2061.408 2056.079 2049.952 2034.391 2035.774 2051.298 2036.584 1918.235 2055.8
2080.22 2081.662 2075.554 2065.605 2064.973 2069.939 2080.617 2082.695 2082.066 2082.99 2077.408 2082.878 2079.909 2079.155 2080.948 2065.378 2073.187 2053.969 1705.66 1916.941 2073.359 2052.995 1962.285 2065 2001.082 2055.9 2035.264 2001.143 2082.486 2082.418 2081.944 2082.99 2082.159 1933.697 2066.226 2058.347 2052.469 2052.656 2056.726 2077.463 2079.151 2013.846 2030.354 2077.047 2081.905 2082.54 2077.439 2082.342 2082.99 2082.99 2082.99 2082.99 2069.773 2066.521 2031.924 2063.586 2072.074 2066.322 2072.123 2080.424 2076.915 2080.058 2067.893 2078.577 2071.029 2074.147 2031.598 2008.352 1770.414 1755.111 1619.795 2077.813
2086.109 2090.097 2095.763 2097.13 2099.384 2090.336 2097.022 2094.814 2096.741 2099.054 2099.129 2102.25 2102.923 2098.464 2057.571 2102.739 1978.812 1938.58 2072.977 2085.08 2102.438 2096.121 2079.808 2094.615 2100.607 2095.209 2100.277 2102.536 2102.923 2102.664 2102.923 2102.605 2102.127 2102.253 2101.622 2101.569 2046.5 2051.555 2083.682 2100.724 2092.692 2080.733 2095.755 2099.909 2089.897 2099.727 2101.064 2102.923 2102.923 2102.923 2102.923 2101.334 2090.64 2100.704 2078.117 2087.998 2095.616 2089.888 2055.365 2102.779 2098.989 2097.276 2095.927 2045.836 2094.802 2098.445 2102.451 1784.173 1807.018 1944.479 1973.791 2099.847
2121.889 2122.262 2094.801 2120.922 2120.345 2119.27 2116.157 2121.274 2114.238 2110.511 2119.583 2110.931 2105.702 1898.783 2072.212 2017.889 1844.582 2008.748 2109.729 2112.811 2102.404 2110.381 2101.771 2120.822 2116.5 2122.464 2114.997 2096.561 2090.857 2112.318 2117.561 2116.519 2120.202 2118.767 1972.208 1816.463 2014.639 2083.898 2094.098 2114.279 2103.448 2118.693 2115.789 2102.557 2122.563 2118.537 2117.318 2120.43 2113.156 2121.046 2122.695 2122.303 2110.689 2113.284 2116.524 2112.098 2114.489 2108.328 2103.623 2081.501 2088.886 1820.198 1425.792 1376.785 1815.468 2060.222 2035.09 1991.197 2122.551 2121.707 1990.602 1763.576
2142.05 2138.693 2137.167 2137.371 2139.688 2140.42 2141.286 2142.041 2140.532 2126.018 2122.843 2127.035 1874.852 1830.409 2108.728 1885.948 2060.998 2053.382 2041.425 2068.754 2134.578 2123.632 2126.014 2139.781 2125.223 2074.444 2116.355 2138.466 2139.884 2142.306 2138.364 2136.888 2129.438 2118.48 2130.978 2135.342 2134.509 2097.824 2139.779 2124.888 2110.735 2139.403 2142.257 2137.959 2142.305 2142.068 2141.944 2141.614 2140.235 2141.254 2140.339 2141.729 2140.092 2134.563 2109.243 2136.004 2129.504 2128.219 2136.49 2128.956 1689.519 535.3483 -9999 189.0095 1344.794 1712.093 1650.79 1645.981 1590.127 1476.821 448.0605 24.86726
2161.364 2156.844 2159.5 2146.871 2159.301 2154.638 2160.839 2161.16 2154.853 2133.396 2139.779 2099.721 2135.634 2050.728 2056.457 2058.434 2139.278 1968.629 2059.715 2148.862 2098.595 1845.657 2161.275 2156.79 2104.284 1863.727 1226.744 1685.228 2161.044 2161.444 2161.753 2148.481 2153.99 2136.757 2146.565 2150.558 2125.853 2101.402 2148.914 2158.165 2128.069 2159.316 2157.293 2158.453 2158.201 2156.513 2161.334 2158.347 2158.24 2155.106 2158.656 2159.777 2161.087 2161.753 2154.856 2157.363 2104.059 2081.832 2098.76 1339.076 371.0953 -9999 -9999 -9999 -9999 205.9245 1093.862 1874.062 2020.6 1320.199 91.08993 -9999
2180.059 2181.036 2179.773 2178.64 2160.501 2174.297 2181.036 2180.623 2176.032 2160.233 2177.645 2171.525 2152.656 2116.283 2143.089 2174.367 2172.812 2163.005 2151.131 2145.612 2167.886 2089.615 2156.33 2170.92 1163.238 28.29663 0.9689602 1791.776 1504.185 1873.688 2179.138 2181.036 2179.098 2160.508 2162.72 2149.333 2164.717 2162.741 2149.36 2148 2101.277 2157.924 2174.787 2180.244 2179.967 2178.938 2180.04 2176.41 2165.744 2173.124 2179.044 2179.487 2180.578 2180.682 2146.659 2119.006 1983.829 1879.597 1916.993 743.3254 -9999 -9999 -9999 -9999 4.184664 603.6612 1143.708 2031.117 2180.687 2176.671 1355.792 1183.837
2194.457 2196.719 2200.007 2199.893 2195.934 2188.846 2193.016 2188.858 2198.587 2175.069 2200.152 2191.196 2121.826 2200.024 2199.462 2198.581 2199.813 2198.932 2197.069 2199.785 2187.901 2190.258 2188.346 2166.923 1286.331 0.762464 -9999 337.3763 480.2038 650.5269 2170.825 2199.186 2200.152 2189.3 2199.983 2193.459 2196.568 2187.56 2177.061 2167.988 2149.803 2149.035 2131.144 2133.703 2140.607 2149.858 2196.303 2198.91 2137.936 2184.129 2196.686 2187.22 2181.203 2190.514 2177.625 2120.45 2183.533 1469.192 708.9604 164.8143 -9999 -9999 -9999 -9999 -9999 -9999 60.35181 1959.578 1911.586 867.9587 342.6242 -9999
2209.823 2209.421 2212.676 2218.3 2218.104 2204.823 2219.102 2218.37 2219.101 2192.218 2219.101 2218.028 2209.156 2218.942 2216.885 2219.101 1740.25 477.1261 801.6475 1710.955 2188.908 2218.824 2216.454 2219.009 1723.566 91.54716 -9999 -9999 0.7088883 211.78 1396.435 2178.229 2218.88 2206.047 2217.74 2219.102 2217.749 2211.322 2209.391 2218.018 2217.642 2218.767 2219.024 2215.395 2184.797 2146.318 2200.038 2204.07 2177.333 2206.385 2217.615 2205.215 2184.564 2121.624 2142.715 2134.544 2196.479 706.8083 -9999 -9999 -9999 -9999 -9999 -9999 -9999 -9999 -9999 319.1273 106.8995 -9999 -9999 -9999
2234.289 2236.827 2222.995 2235.513 2235.663 2231.078 2230.608 2177.625 2083.73 2132.7 2206.084 2232.997 2218.289 2210.396 1516.922 843.9894 135.7042 -9999 -9999 -9999 1078.133 2228.885 2225.525 2235.077 2228.44 2057.716 953.0546 100.1055 -9999 -9999 274.4489 1161.046 2161.538 2216.719 2195.156 2215.902 2237.697 2237.882 2229.172 2231.316 2236.929 2229.307 2237.73 2236.511 2236.736 2201.15 2192.613 2170.985 2197.521 2171.652 2176.759 2182.167 2214.088 2236.581 2237.729 2237.041 2237.805 402.1094 -9999 -9999 -9999 -9999 -9999 -9999 -9999 -9999 -9999 -9999 -9999 -9999 -9999 -9999
2251.728 2251.153 2248.289 2254.645 2253.873 2235.726 1364.844 277.2188 89.63998 414.3219 768.0482 1657.658 1785.616 695.634 -9999 -9999 -9999 -9999 5.665866 21.61176 163.874 2176.794 2256.292 2250.716 2132.495 2254.769 2252.309 1173.925 -9999 -9999 -9999 5.55115 317.9943 953.9466 1691.884 2240.1 2256.282 2247.728 2255.596 2252.269 2256.491 2256.491 2253.961 2255.835 2256.491 2253.565 2238.977 2251.807 2243.751 2253.996 2245.95 2254.669 2250.585 2233.625 2251.539 2070.755 542.2079 44.69995 -9999 -9999 -9999 -9999 -9999 -9999 -9999 -9999 -9999 -9999 -9999 -9999 -9999 -9999
2272.179 2271.895 2272.005 2266.702 2273.115 2249.536 171.3483 -9999 -9999 -9999 -9999 -9999 8.170408 -9999 -9999 -9999 -9999 284.4594 1242.52 21.42877 240.6207 655.2354 2096.011 2159.04 2259.458 2271.741 2261.178 2086.453 151.0795 -9999 -9999 0.4065838 6.921905 252.2685 306.8047 978.8792 1920.37 2261.361 2274.186 2273.2 2272.987 2267.406 2270.927 2273.897 2263.964 2269.461 2270.134 2270.271 2268.789 2273.197 2264.149 2249.859 2274.518 2264.4 2235.354 1264.55 -9999 -9999 -9999 -9999 -9999 -9999 -9999 -9999 -9999 -9999 -9999 -9999 -9999 -9999 -9999 -9999
2265.268 2278.603 2291.092 2290.892 2293.194 2290.105 835.8104 -9999 -9999 -9999 -9999 -9999 -9999 -9999 -9999 -9999 -9999 1673.192 2273.836 176.1044 10.73428 21.49652 326.7503 1535.51 2217.388 2284.953 2285.393 2292.514 1970.206 524.6358 2.173649 1.231331 4.595746 -9999 -9999 -9999 57.21453 807.9384 1742.436 2267.146 2250.8 2291.119 2293.194 2292.54 2293.059 2290.869 2291.062 2266.229 2287.367 2278.201 2287.358 2284.729 2280.404 2287.853 2215.187 1274.508 0.1876099 -9999 -9999 -9999 -9999 -9999 -9999 -9999 -9999 -9999 23.70223 0.8195407 -9999 66.5758 65.70541 -9999
2310.25 2295.122 2308.775 2310.458 2277.831 1609.111 333.2314 -9999 -9999 -9999 -9999 -9999 -9999 -9999 -9999 -9999 -9999 1072.522 1754.824 -9999 -9999 -9999 -9999 0.9979835 977.5036 2269.627 2309.546 2307.174 2308.769 2293.484 1924.4 1752.395 361.8955 -9999 -9999 -9999 -9999 -9999 356.8399 2087.486 2310.853 2296.752 2311.284 2310.526 2307.783 2305.481 2311.167 2311.284 2266.278 2311.104 2281.564 2287.612 2301.08 2304.213 2297.006 2296.585 345.1494 -9999 -9999 -9999 -9999 -9999 -9999 38.60082 820.8395 1614.271 2193.82 2226.476 2136.207 2150.875 1334.081 798.7109
2281.412 2310.957 1836.373 1304.187 439.7998 -9999 -9999 -9999 -9999 -9999 -9999 -9999 -9999 -9999 -9999 -9999 45.96214 75.36981 1081.753 69.62357 -9999 -9999 -9999 -9999 -9999 322.6231 1073.583 1518.734 2322.055 2328.711 2327.482 2283.658 1562.058 764.2073 104.7106 -9999 -9999 -9999 175.2234 2306.199 2328.696 2082.704 2325.492 2320.615 2329.005 2292.99 2273.395 2326.546 2319.969 2329.198 2280.294 2329.198 2325.634 2319.876 2324.737 2314.824 1970.885 1403.502 983.3885 732.1301 760.2723 470.3799 705.3207 2050.964 2329.198 2328.892 2328.963 2328.024 2329.198 2328.967 2289.264 2284.437
2345.657 1143.175 -9999 -9999 -9999 -9999 -9999 -9999 -9999 -9999 -9999 -9999 -9999 -9999 -9999 -9999 978.8942 1972.707 2327.626 941.2183 -9999 -9999 -9999 -9999 -9999 8.979873 2.909123 57.30779 1007.724 1831.285 2339.314 2343.183 2341.616 2342.144 2091.91 1098.748 69.38355 -9999 462.7414 2318.5 2345.063 2091.152 2145.168 2294.15 2346.934 2132.038 2276.693 1762.096 847.6034 866.27 249.2033 702.3765 1744.092 1928.647 1393.605 227.7243 -9999 282.2364 1467.042 2123.188 2297.389 2346.579 2342.596 2344.828 2344.378 2345.952 2346.934 2346.934 2346.934 2346.934 2345.13 2343.369
1334.288 0.01907557 -9999 -9999 -9999 -9999 -9999 102.3876 105.2655 -9999 -9999 -9999 -9999 -9999 -9999 -9999 295.4953 2350.653 2360.079 946.1392 -9999 -9999 -9999 -9999 -9999 -9999 -9999 -9999 -9999 108.5846 1939.784 2249.075 2348.941 1226.56 365.8185 1087.94 1849.141 5.87635 200.0024 1946.44 2362.555 2364.112 2359.625 2324.87 2342.443 613.1064 1259.681 1154.048 350.1059 -9999 30.60932 444.327 813.4922 1947.833 1894.899 1741.799 1804.131 1704.552 2126.219 2191.979 2364.492 2362.053 2343.443 2324.899 2347.971 2360.89 2363.861 2364.492 2363.953 2363.751 2364.492 2363.401
9.181357 0.3704287 -9999 -9999 161.4225 1429.945 1220.164 120.0747 376.7035 -9999 -9999 -9999 -9999 -9999 -9999 -9999 197.441 2284.871 2360.139 805.0379 -9999 -9999 -9999 -9999 -9999 -9999 -9999 -9999 -9999 -9999 1.976507 907.1306 2372.107 571.7002 -9999 0.3553811 530.2084 -9999 11.60988 578.0627 2070.832 2362.004 2381.87 2381.87 2381.87 1615.205 65.06306 170.7645 0.6219509 11.28062 487.6669 6.460256 1713.148 2129.731 2377.315 2380.714 2381.707 2380.701 2381.788 2381.87 2360.48 2381.87 2381.87 2381.87 2381.87 2375.697 2368.588 2380.439 2381.87 2381.87 2364.939 2381.87
-9999 -9999 150.3352 99.49792 7.626717 369.0542 470.0463 -9999 -9999 -9999 -9999 -9999 -9999 -9999 -9999 -9999 498.1815 2344.122 1503.333 354.1887 -9999 -9999 -9999 -9999 -9999 -9999 -9999 -9999 -9999 -9999 -9999 17.11708 2147.531 2379.652 550.2969 -9999 -9999 -9999 -9999 64.95091 593.1436 2001.23 2332.953 2379.298 2399.066 2090.758 715.9861 195.2401 56.56082 7.351306 2.36166 209.7061 1355.958 1160.034 2397.558 2385.547 2393.69 2399.066 2399.066 2395.535 2398.475 2394.605 2399.066 2399.066 2398.66 2399.066 2289.065 2223.115 2377.267 2399.066 2399.066 2381.046
344.4429 -9999 367.1492 45.4898 -9999 -9999 -9999 -9999 -9999 -9999 -9999 -9999 -9999 -9999 -9999 -9999 18.94027 332.7056 2.043013 -9999 -9999 -9999 -9999 -9999 -9999 -9999 8.232673 -9999 5.075078 46.90158 16.32979 225.8752 1894.6 792.4776 127.868 -9999 -9999 -9999 -9999 -9999 -9999 878.94 2138.308 2305.353 2400.39 2019.168 1433.789 1006.58 335.2571 171.2325 0.1963979 181.8746 404.3698 812.616 2377.233 2394.83 2347.1 2416.08 2415.544 2415.665 2415.829 2410.953 2272.868 2409.902 2416.08 2408.389 1300.211 1952.4 2414.946 2415.528 2416.08 2411.922
-9999 -9999 -9999 -9999 -9999 -9999 -9999 -9999 -9999 -9999 -9999 -9999 -9999 -9999 -9999 -9999 -9999 -9999 -9999 -9999 -9999 -9999 -9999 -9999 2.736497 361.7421 728.1047 96.7178 106.1462 653.5235 911.1522 1354.515 1527.792 79.63881 -9999 -9999 -9999 -9999 -9999 -9999 189.0445 706.7114 864.5701 1896.982 1582.503 1341.609 2151.266 2064.403 939.2004 117.0303 -9999 206.6716 722.3933 1363.341 2303.854 2432.91 2432.177 2427.51 2418.22 2383.998 2432.438 2155.044 2357.725 2410.641 2432.91 2432.878 2429.479 2383.654 2426.488 2432.91 2392.353 2432.91
-9999 -9999 -9999 -9999 -9999 -9999 -9999 -9999 -9999 -9999 -9999 -9999 -9999 -9999 -9999 -9999 -9999 8.502165 -9999 -9999 -9999 -9999 -9999 -9999 129.5374 1987.19 2428.793 2409.005 2446.477 2440.295 1191.886 244.273 74.55737 -9999 -9999 -9999 -9999 -9999 -9999 -9999 -9999 411.8651 944.9907 2393.187 2446.642 2246.188 1102.027 799.7859 358.8335 439.9291 192.333 8.810044 273.9158 473.0659 1440.523 2444.775 2447.214 2442.456 2449.554 2234.896 2290.127 2261.052 2151.756 2119.019 2448.152 2449.554 2449.554 2433.401 2449.554 2449.307 2449.554 2445.664
-9999 -9999 -9999 -9999 -9999 -9999 -9999 -9999 -9999 -9999 -9999 -9999 162.1414 34.25711 170.8504 13.16071 -9999 63.09609 1043.478 1286.144 448.4774 54.82166 45.56776 -9999 -9999 -9999 420.2217 1597.725 2195.562 2447.156 890.6899 -9999 -9999 -9999 -9999 -9999 -9999 -9999 -9999 -9999 -9999 0.0301164 1.594002 1827.621 2429.931 1787.1 585.5302 24.82813 158.2835 130.0681 502.2846 175.5382 8.344817 183.0905 710.4371 2314.619 2369.646 2465.379 2461.095 2455.195 2464.319 2438.231 2466.012 2464.667 2460.913 2462.666 2464.553 2465.621 2463.611 2465.577 2365.859 2465.139
