DataImport/DataFusion/Data/gpw_v4_land_water_area_rev10_waterareakm_30_min.asc
ncols         720
nrows         290
xllcorner     -180
yllcorner     -60
cellsize      0.49999999999997
NODATA_value  -9999
[rows 99 to 131 of 290, columns 518 to 591 of 720]
5.621015 169.2565 171.3704 1342.208 1176.612 409.7911 172.3637 7.992082 185.158 7.53802 5.273807 59.47171 0.8416448 0.2098405 7.395504 116.004 67.91821 30.38415 116.8817 25.89279 221.8259 61.40214 326.5437 124.5574 19.08976 109.1348 191.8589 9.244885 9.824732 15.81791 1.419993 0.6359501 60.1876 20.60226 2.156821 2.403723 26.62849 100.6992 74.17814 158.8828 48.46543 -9999 -9999 -9999 -9999 -9999 -9999 -9999 0.08603173 0.6180849 0.1981131 -9999 0.4197936 -9999 0.3042956 -9999 -9999 -9999 0.2577462 1.262429 1.642391 1.967447 48.73005 1.16792 12.89164 14.39424 10.46891 1.808311 0.3303039 1.835215 -9999 27.07774 20.74655 1.656981
24.99502 51.47432 143.9633 103.6591 113.4354 238.2582 166.028 7.941275 23.19858 2.612234 -9999 19.21588 21.80905 21.66078 30.49414 7.726673 88.3895 9.256435 25.82435 237.826 263.2701 57.78752 295.5371 239.3838 5.89678 9.501975 75.72111 2.194278 3.747565 1.494895 2.953699 -9999 0.1176211 1.32398 0.7097039 3.934871 528.1391 542.2319 122.15 7.788672 63.59742 42.53775 -9999 -9999 -9999 0.3730324 -9999 -9999 -9999 -9999 -9999 -9999 -9999 -9999 -9999 0.804271 12.09628 0.5213091 4.919218 3.091913 0.8260164 2.204175 76.52913 96.06572 61.83863 1.561068 45.14902 35.79972 48.28911 41.93124 48.30965 24.15994 18.1962 2.424991
72.92014 457.4836 178.9205 267.2251 148.1167 459.0396 303.7425 20.67488 40.84709 57.47069 35.27998 0.1456451 74.23582 442.2625 2.60896 27.26678 21.62443 54.46708 69.17379 18.57366 72.36697 76.94504 46.54807 13.46726 40.12627 85.68322 8.19971 9.342241 2.006497 1.797121 0.1282736 -9999 8.254765 14.07335 -9999 -9999 18.97528 26.47313 -9999 54.29649 3.900124 -9999 -9999 -9999 2.207088 13.94321 3.022018 -9999 -9999 -9999 -9999 -9999 0.1601267 -9999 -9999 -9999 8.077621 3.100559 1.750035 1.303103 6.158211 3.31476 0.6511156 2.940953 9.168674 0.3921589 30.82865 3.246781 8.235888 2.394313 0.3247006 -9999 2.79405 0.9194129
126.145 263.9488 10.52146 108.0853 35.97048 105.4069 186.4096 22.18479 3.695225 0.450269 12.66081 33.97006 14.18716 30.80475 46.99756 94.54779 50.38436 4.764246 53.25714 146.2966 385.3058 157.0705 226.3116 192.5823 231.3458 -9999 13.29722 16.30083 2.340418 2.787093 0.5091283 141.2203 32.27424 6.249078 16.75948 5.565754 3.63315 -9999 -9999 -9999 0.4895482 -9999 15.02513 13.74541 21.19519 5.442312 45.37865 25.56913 -9999 -9999 -9999 -9999 0.4765391 -9999 -9999 -9999 -9999 -9999 -9999 -9999 -9999 1.27904 -9999 0.1641595 -9999 0.5161232 0.1595161 19.52493 36.61401 4.173686 0.2083201 0.2809931 -9999 0.4926223
33.33168 75.7852 43.66122 53.36508 0.1718245 12.5543 7.266079 25.78054 10.85664 7.494774 42.3658 13.3489 36.30762 21.33065 8.779493 64.69265 9.432002 26.13656 53.13213 110.5442 61.03107 450.1767 354.8145 130.4423 536.0265 74.34605 143.6667 10.26563 44.33075 -9999 0.2407459 3.115534 14.88081 1.67625 24.02724 12.77119 2.958805 -9999 -9999 -9999 -9999 -9999 -9999 0.809222 16.56215 1.936273 16.40775 92.72792 0.9143074 -9999 -9999 0.717266 -9999 -9999 -9999 2.351294 20.36491 12.4789 5.699795 -9999 -9999 -9999 -9999 1.018339 1.457731 2.171484 20.04748 45.83397 12.08835 10.47751 67.53152 -9999 -9999 3.98645
4.303229 4.584671 19.99479 59.02239 44.10807 59.27635 99.28388 12.93683 3.412504 10.39856 32.24981 1.241127 19.49652 3.871416 42.65036 70.62636 14.98857 63.72531 73.05336 64.267 9.457027 84.93876 8.785557 0.3127511 5.70977 52.69107 121.3737 153.9781 40.61741 21.92994 1.358303 -9999 -9999 -9999 -9999 10.23825 -9999 0.656729 -9999 5.888455 6.669456 -9999 -9999 -9999 -9999 0.7510741 -9999 1.453986 -9999 1.120305 0.1219021 -9999 21.30611 24.89365 -9999 2.329053 -9999 -9999 8.958115 37.13364 1.356379 -9999 16.59459 26.27236 148.3683 161.5109 -9999 7.843313 5.86512 42.12197 13.20968 -9999 -9999 12.30496
7.644246 43.14347 5.360481 0.4943731 1.869572 0.3233123 22.57603 37.26881 41.46273 110.8829 88.26917 80.34412 47.11202 21.66365 14.37531 34.62155 108.237 77.64943 90.64506 94.38145 55.32657 106.2033 81.33035 218.9101 93.87505 41.5769 4.841713 7.788089 1.371572 2.844085 18.46313 10.90319 12.35131 0.01118905 -9999 0.1872665 -9999 -9999 -9999 27.4045 8.404768 9.779252 -9999 -9999 1.064557 -9999 -9999 1.641746 -9999 3.213779 -9999 0.3170173 0.9785614 4.609563 0.2322174 1.026971 -9999 -9999 -9999 3.108113 -9999 0.8419772 8.326681 0.7885512 1.94702 85.50782 49.41103 56.99669 21.81226 64.08488 50.37941 31.1821 27.34763 17.40618
-9999 2.404359 0.9076777 9.127497 6.297393 0.05462215 83.0025 175.8206 428.3534 55.50477 18.57977 2.627437 54.32907 42.96162 1.410177 84.15647 192.8993 370.1115 288.9527 1132.649 1037.381 102.632 101.6344 170.6735 215.6284 49.54278 3.402216 -9999 16.41642 1.061075 2.570848 175.8393 78.15068 35.18006 0.1305104 -9999 -9999 -9999 -9999 8.245028 49.66839 10.7746 0.9397589 -9999 0.15785 0.539218 -9999 2.607006 1.483199 -9999 2.406069 11.12461 5.510636 49.70611 6.292346 2.669235 3.816226 -9999 -9999 -9999 -9999 -9999 -9999 1.18338 0.7339651 10.71891 85.29666 27.3475 16.33993 58.97141 10.94518 42.26823 26.466 29.53454
176.9395 88.97395 -9999 0.2889362 35.26111 26.30556 78.71944 15.20157 338.5756 139.859 543.0201 127.4006 113.7117 81.82932 12.51436 524.4938 324.0309 78.15874 414.0783 125.2177 151.3461 63.85228 25.68303 285.6877 242.1627 52.59517 0.2083958 6.23275 68.51637 51.74032 6.105986 7.632797 5.965278 -9999 -9999 -9999 -9999 -9999 -9999 -9999 -9999 9.766517 23.91878 -9999 5.252631 1.433168 0.1370214 15.12672 10.64725 1.168167 2.097705 10.97918 19.5155 2.649601 28.37191 6.503994 23.50681 8.232677 0.2625794 3.968493 1.972057 10.97162 13.98854 4.906979 0.2347596 29.87812 92.32191 96.72099 46.72966 34.61355 49.00907 63.02323 31.85035 7.503824
685.4099 441.8258 176.312 0.5562636 542.6932 142.5264 113.0354 55.97826 113.5055 163.6434 27.86149 137.8675 219.5723 669.9561 402.7285 158.0045 129.8643 32.68333 55.79319 129.3041 1.580954 187.2914 780.9254 1172.996 63.75597 23.4912 9.874398 18.66063 84.57987 429.3687 543.193 777.1743 375.6848 5.274158 -9999 9.184029 3.587312 -9999 -9999 -9999 22.7403 16.64864 -9999 -9999 0.1589906 2.187548 4.933008 -9999 0.1521043 2.689756 10.9141 17.41925 24.77546 5.104548 38.88463 36.80365 17.33193 4.908697 21.00117 12.99859 10.86647 0.8872964 0.5330067 18.60159 53.26924 44.22475 95.53483 91.97714 43.68545 80.25541 236.6835 203.3717 67.30794 33.692
-9999 221.8425 306.1706 157.8766 127.0227 189.8837 153.2833 0.2626462 0.2076274 1.823545 90.56713 197.9256 32.94759 14.40835 277.883 20.97816 0.1078335 3.822912 15.11235 89.47661 119.5668 1.575031 114.906 27.76196 -9999 3.070183 11.16225 20.78201 332.5175 814.8409 695.1495 709.6715 708.5959 338.9008 5.681216 12.85974 3.723506 1.188941 -9999 -9999 21.29074 18.40525 -9999 -9999 0.4967487 5.821066 2.197562 -9999 5.286219 14.51328 46.25097 22.05697 20.45987 11.04169 45.15411 33.9783 12.89293 18.52848 27.11255 0.546738 0.7117738 -9999 -9999 1.450592 28.22527 164.248 258.4478 31.07969 21.47861 112.4681 454.6989 372.0249 285.1987 30.55558
-9999 -9999 -9999 32.61671 166.3596 75.1488 145.7869 84.13107 17.78537 59.23579 6.31535 23.29725 14.75008 132.5934 27.40492 27.03208 3.053696 0.109247 1.701423 0.07784404 0.03920474 3.437239 21.05642 0.08581581 4.257338 -9999 11.98375 143.4436 140.4761 64.22807 27.64723 277.4548 389.8523 34.62347 26.18758 74.71764 104.0341 -9999 -9999 16.8253 -9999 50.87282 13.05356 -9999 -9999 239.2327 10.62485 -9999 7.802516 24.42574 2.671534 16.3687 14.38032 9.296326 17.27798 40.08834 64.66586 23.22752 0.9028507 3.169959 0.9261123 -9999 0.9123688 1.447983 31.15382 116.2343 192.9587 200.5063 424.3227 237.7283 147.6969 88.75922 126.6404 253.5571
17.34949 0.6051815 1.076491 -9999 -9999 -9999 9.928234 302.3033 24.52214 142.1404 1.418195 0.3606322 18.52421 13.97234 6.734344 0.1676957 25.39357 1.442624 0.4150378 1.370819 1.128189 0.2145975 57.34802 132.8573 37.96755 37.87259 13.5469 20.11399 17.83194 42.46049 50.65086 114.9821 3.400805 14.4468 75.25233 47.53844 34.94075 60.70482 13.67915 -9999 -9999 -9999 23.88344 0.05880689 10.74732 17.86555 -9999 -9999 13.23938 34.57086 12.60861 7.558688 25.13237 22.69345 42.80747 9.869126 0.2147188 0.4146294 -9999 0.9120932 3.316226 1.412612 4.804348 5.655434 34.27053 136.3495 126.4593 330.6633 131.2225 49.71497 10.52783 14.85004 210.1094 123.5104
-9999 41.51231 52.83675 0.9617462 -9999 -9999 0.4439722 3.366447 362.9756 366.1251 500.8574 232.1915 54.44287 302.4732 1.097831 5.025872 3.142477 12.02019 -9999 -9999 -9999 -9999 294.3569 470.8978 32.96658 87.69643 9.428941 1.537859 120.9542 47.1684 0.8827554 5.06533 4.706715 -9999 12.06051 9.707614 11.51588 71.19055 88.0938 12.9175 -9999 0.7861851 2.328581 0.2474935 0.1737115 0.3609282 0.3544616 -9999 -9999 -9999 22.38511 29.49569 45.88724 49.36503 0.5198094 0.5661226 0.1905399 0.6562897 0.460887 0.4102968 3.439583 8.374096 31.6144 33.95877 44.79017 90.98249 266.6281 285.9369 21.22824 7.31523 11.01269 3.429946 21.76803 103.056
13.65076 1.413082 5.754344 18.58954 29.58382 1.489751 0.1547427 -9999 -9999 6.041783 48.67496 169.0705 115.8942 281.2261 20.49395 171.8071 17.1365 6.827505 85.99449 13.89649 72.31625 197.2843 412.0323 352.932 186.1392 104.455 4.401651 298.7253 1.322626 -9999 -9999 1.930342 26.3516 1.102315 0.4371617 6.885006 29.97721 25.90534 3.373496 123.7165 1.812467 -9999 4.504445 -9999 -9999 -9999 -9999 -9999 -9999 7.380596 -9999 -9999 0.2069065 -9999 0.6461328 0.1198605 0.2204921 0.4285583 1.001731 1.311097 1.161882 1.090677 40.21485 11.5909 52.85001 8.750097 8.501607 69.13538 7.073189 4.500665 2.86476 17.35526 47.13021 93.59079
14.53161 9.599661 0.6664489 2.583886 31.39194 6.630761 3.700614 6.713662 0.9115993 3.417091 10.66366 -9999 1.306798 -9999 48.31789 408.1138 144.8054 221.7336 746.2715 140.0115 52.38913 20.30632 94.12009 29.93421 45.79625 49.59517 198.1108 179.7471 1.839429 -9999 1.094163 55.57755 185.1186 43.33126 0.9977161 -9999 -9999 -9999 -9999 0.3359044 -9999 3.187806 -9999 51.7392 0.9121835 5.570587 29.24521 -9999 -9999 0.5630763 0.5230656 0.1898311 0.1330882 0.6818994 1.572352 2.042953 1.954275 3.423441 1.925177 0.241877 3.509002 8.540086 26.12751 4.825045 17.8747 7.769744 30.36242 38.91908 50.96376 4.022149 5.549073 43.48786 77.09055 18.82524
-9999 29.16021 1.646369 -9999 27.3136 10.98161 1.538009 3.375378 10.76204 20.34088 9.649169 -9999 -9999 -9999 -9999 -9999 -9999 -9999 0.1466424 0.4670723 0.3490781 -9999 -9999 -9999 -9999 -9999 -9999 -9999 -9999 6.97156 59.28177 157.3843 0.4624747 -9999 1.285459 -9999 2.706364 1.989815 -9999 -9999 -9999 10.30331 9.458749 -9999 0.3211028 33.45827 0.2134798 0.03280013 3.170026 13.63984 0.18903 0.1488967 1.060621 0.9132139 7.095398 21.17403 2.155818 2.516824 0.6293129 1.810095 5.426105 16.9665 12.00882 3.993169 26.54481 7.969651 3.729303 62.88572 24.21032 8.734073 8.66745 21.73365 58.20717 5.920204
25.51936 3.226187 27.64488 2.741744 1.229804 24.13735 41.00349 27.58078 43.13016 1.92754 45.10033 17.3814 3.756824 0.1621217 0.378213 14.22246 14.91897 -9999 0.1681017 22.88551 1.969887 -9999 -9999 5.94569 -9999 3.97452 29.25196 90.63845 99.58537 100.3933 92.5 1.889554 -9999 -9999 31.25362 2.335359 -9999 3.290011 -9999 -9999 -9999 4.784102 17.27182 66.47704 5.093798 38.15014 2.550567 7.533416 10.74536 0.2671158 23.84391 0.5115445 0.672987 1.04514 28.25528 13.30967 0.7434628 1.67344 0.08622299 -9999 0.8399068 16.84561 1.588682 6.987139 16.43782 15.70839 22.58747 71.4468 16.62459 2.615728 4.119158 38.36416 17.74859 1.520407
30.05353 40.67971 16.17676 32.05145 5.796383 0.3474602 0.3227856 4.393115 33.67569 61.9378 37.27106 68.77493 43.91036 7.378227 12.45473 45.32594 -9999 1.558602 -9999 11.32377 33.15618 42.50227 135.3568 205.8401 154.3872 102.5194 78.64815 1.227288 -9999 -9999 0.3242823 -9999 -9999 9.974213 15.7827 12.11909 -9999 0.3146212 0.9604977 -9999 -9999 17.96684 4.737103 15.50144 -9999 19.14049 9.570525 9.993407 16.18845 7.861039 3.764008 0.10708 0.08987202 14.03317 31.28618 1.615968 0.6218871 0.5200467 -9999 -9999 0.3828089 3.522715 2.651325 2.233026 12.06036 23.71521 14.26389 18.6126 9.88892 1.215083 0.4630064 81.11133 22.24931 29.8358
18.1679 44.39367 47.05474 43.67287 43.13564 14.11907 0.5879083 2.373514 15.17369 53.05516 113.4612 94.00296 153.6501 81.96046 48.10972 32.32927 1.362823 18.93568 0.2354426 0.5215858 12.78804 202.2492 19.79607 -9999 3.614235 8.161903 -9999 26.92678 -9999 -9999 -9999 -9999 17.48678 18.67733 -9999 -9999 4.201847 10.74318 3.864773 -9999 1.071664 -9999 248.5206 18.28432 10.28044 9.72623 3.937431 1.022427 6.271436 23.35818 7.27097 0.5576106 0.4229597 0.8619084 0.1847895 0.6818011 0.92165 0.5370517 -9999 -9999 11.35056 1.636884 8.02399 3.159231 7.517761 6.249282 3.627063 5.47436 128.7923 6.054785 23.5209 32.461 37.74511 19.71202
19.18531 42.43853 17.25021 6.650019 36.11929 59.58678 64.13338 73.1815 54.75198 15.40711 12.04497 20.4148 3.933271 79.96157 81.70683 127.7935 129.7658 210.3884 9.225935 5.994864 2.704121 201.604 2.7432 10.32928 51.17915 11.00902 3.517638 3.359488 -9999 -9999 -9999 3.305716 39.55333 -9999 119.8813 8.078334 98.11599 0.02034285 1.610869 0.9165668 6.553707 0.3430217 3.731392 5.616587 10.31438 3.86043 6.048954 12.26568 8.370454 19.47436 6.158775 1.842781 2.791876 0.7852972 -9999 0.5798022 0.7058125 -9999 -9999 0.2771283 16.95848 -9999 6.445039 0.3693909 2.624265 4.314204 1.619171 0.6390865 0.8520665 8.001805 6.401532 21.3244 1.096741 2.609144
17.02303 20.63838 8.624612 2.167475 5.175279 0.6230984 34.33403 36.63541 60.75793 26.65887 33.54147 0.5668834 6.140409 1.7119 9.361658 24.11532 3.570722 107.0125 84.72623 40.24933 1.98549 166.4618 18.45031 6.965434 83.23435 34.74099 47.46492 30.10723 -9999 67.72402 -9999 70.01977 14.76828 -9999 0.2516828 -9999 50.20102 17.71716 1.597386 10.74987 3.75828 0.4803951 20.15268 0.45754 0.6157697 2.580525 6.187648 459.3732 28.30994 24.22326 7.550441 53.40432 46.36185 -9999 0.1189214 0.2078653 19.94464 0.7422606 10.74791 5.731622 26.12459 6.619434 8.245126 3.397658 25.86982 0.6058059 0.1319628 10.9496 34.43944 25.02343 1.796426 1.600106 7.447039 3.567012
2.69015 3.679017 1.933239 1.970721 5.306849 18.27552 6.930892 400.858 28.65825 16.80664 8.440067 0.8098724 29.11048 13.2598 4.274397 -9999 67.11588 2.942406 105.0824 111.4419 27.76195 173.0837 2.408729 58.84882 84.84018 0.792927 -9999 -9999 -9999 8.017821 -9999 69.40981 -9999 -9999 89.27304 96.85268 86.98367 6.151795 6.828988 1.495328 0.2348179 0.3778341 0.1495792 0.1169955 -9999 1.211279 2.407225 153.8435 4.158024 11.10168 9.559197 0.2122463 0.5882813 0.335895 0.4266002 3.914878 1.906505 0.9379687 6.546519 7.81546 31.61803 30.93695 0.9970069 12.48987 4.239966 16.51369 4.410279 10.67444 48.7533 11.81793 0.6708526 7.670592 31.20674 9.269173
1.748496 13.39221 11.03102 4.543579 0.3695869 2.244416 7.763348 7.379429 1.401311 5.892922 12.76291 2.501164 9.428025 50.73403 15.06648 142.8275 22.80492 3.039666 56.13717 16.88156 88.09515 315.6998 189.3053 174.0522 4.260835 8.300532 -9999 -9999 -9999 -9999 22.57958 23.8019 12.94311 1.634953 130.2534 24.49014 -9999 12.56958 -9999 -9999 7.794593 0.4703099 1.727243 4.178526 -9999 1.805733 2.951727 39.07214 8.152622 20.86181 12.20965 1.839225 0.4875976 0.6270119 0.08236884 37.07088 11.40417 20.57244 3.997591 16.48301 23.63885 42.48751 29.00761 11.56151 21.51964 24.30618 6.071912 27.64476 52.20678 16.89173 103.5035 190.6341 5.49919 21.50251
13.23746 12.493 11.49511 5.265493 16.32181 4.733149 3.295468 9.137526 10.81938 1.106221 4.491503 7.598833 12.47473 18.09667 29.12507 23.43182 19.95971 22.83352 58.65154 26.10531 14.19771 48.06151 347.7484 184.3679 1.619614 30.03671 11.91885 -9999 0.3755337 -9999 38.87255 -9999 36.52914 59.89722 17.91652 23.80995 -9999 -9999 1.45084 6.451645 -9999 0.6057577 2.80332 0.2262925 0.8879302 0.4951563 1.323454 0.2312107 39.52514 2.14616 0.293303 0.4325344 -9999 -9999 9.532787 3.049915 5.825175 24.37526 15.30061 10.1318 22.94212 55.4859 42.89302 62.68933 57.23977 66.45449 60.86015 130.129 86.84738 83.21435 60.33023 40.65241 51.64799 16.55606
1.082708 102.3922 90.59493 7.953662 0.6925926 4.002618 1.720013 106.0584 4.566028 0.1861416 10.6258 8.539174 8.462529 2.717132 27.23767 57.72569 0.4237943 22.98321 70.63326 170.7193 326.909 56.21149 75.28238 -9999 15.99357 0.2166478 337.2345 1.167943 -9999 -9999 14.3987 44.9486 37.21499 50.47232 1.784786 -9999 0.1404493 -9999 -9999 1.756369 -9999 1.139541 1.870694 2.101582 0.7708049 0.1646471 -9999 -9999 -9999 6.69465 1.344124 -9999 0.843001 -9999 -9999 0.3086959 6.137914 23.19052 60.15565 45.18013 100.8681 22.75635 7.595557 4.820888 1.121274 3.032172 21.85111 70.57112 172.2855 187.311 24.40875 6.419336 29.15572 22.01045
1.901273 40.4154 6.168999 3.35681 5.444861 27.68503 32.66024 15.34371 2.389532 4.151123 8.600202 55.05876 9.398465 1.343597 14.42346 27.88689 10.93825 10.95258 36.94127 87.09165 165.4742 16.99815 1.771695 0.3240318 -9999 37.24843 14.76195 0.2572785 -9999 -9999 -9999 18.17714 44.62299 83.34711 109.1032 -9999 -9999 -9999 -9999 0.1537893 1.675175 0.5053494 0.2007555 2.917804 -9999 -9999 -9999 -9999 5.179389 1.211935 16.532 10.60771 5.185317 2.831825 0.1336143 2.823387 46.68629 22.26459 36.32244 7.814827 6.909418 38.06828 4.86371 7.932713 33.32428 16.35048 44.43641 58.66547 140.2105 8.459281 18.49091 -9999 -9999 -9999
66.46133 12.10189 7.743613 11.15755 5.936333 10.59383 15.83091 32.93792 32.36561 499.1895 14.71747 26.18348 9.481689 6.498405 4.075245 4.470652 50.60438 5.246063 0.9762027 -9999 -9999 -9999 0.2717572 -9999 -9999 -9999 0.2841246 -9999 -9999 -9999 -9999 0.9505373 166.3857 99.73654 45.27821 26.39728 1.984331 -9999 2.213364 3.015282 0.4989522 -9999 3.969697 8.60655 0.9095452 0.4208295 -9999 -9999 0.9821422 14.7312 -9999 174.2661 47.44602 21.1021 1.050489 10.20215 -9999 3.358368 11.78763 11.57516 43.92586 24.5951 59.21644 12.09502 12.58316 21.58972 80.58346 25.54367 -9999 -9999 -9999 -9999 -9999 -9999
33.98346 35.54344 50.77456 14.82194 22.38439 8.314465 17.78316 7.391809 4.310605 34.57372 7.101753 171.8576 162.6736 14.78378 51.37849 2.267421 1.173044 -9999 -9999 -9999 -9999 -9999 -9999 -9999 -9999 -9999 0.8346983 13.86516 0.004016992 -9999 -9999 94.26536 135.4438 11.86448 26.65915 0.6144735 0.9457801 0.121606 18.03003 5.962747 -9999 0.1158179 0.1657239 5.7888 -9999 -9999 -9999 0.07753234 4.450139 0.3870958 27.38493 54.73507 122.5453 69.09979 50.81212 15.96995 3.541707 3.282495 0.1886185 -9999 1.723798 0.4142267 102.8692 27.44556 0.4422641 -9999 -9999 -9999 -9999 -9999 -9999 -9999 -9999 -9999
62.38543 35.66413 54.46049 33.06332 81.56905 83.88775 28.06928 17.1116 1.223644 36.03446 38.51694 26.30966 29.53828 43.29941 50.13681 37.4243 -9999 -9999 -9999 -9999 -9999 -9999 -9999 -9999 -9999 -9999 -9999 34.61403 38.43802 -9999 0.4659963 164.4037 8.33236 27.87037 19.62815 44.64472 -9999 0.270801 3.512615 8.978634 -9999 -9999 12.05757 8.862985 -9999 -9999 -9999 1.643148 -9999 -9999 -9999 12.61018 105.5691 33.83838 46.87326 65.12624 1.710506 -9999 -9999 -9999 -9999 11.57571 48.04632 -9999 -9999 -9999 -9999 -9999 -9999 -9999 -9999 -9999 -9999 -9999
35.27845 37.06856 3.353103 9.834682 4.956328 12.36765 24.95219 2.544553 25.07764 3.420707 2.489469 13.30614 43.79688 65.67374 50.77006 29.0191 -9999 -9999 -9999 -9999 -9999 -9999 -9999 -9999 -9999 -9999 -9999 4.05444 100.9358 0.5645561 6.654507 145.8674 16.29322 21.96635 17.91223 34.45877 0.8715467 -9999 5.996592 11.85744 -9999 0.8406304 51.13455 8.723756 -9999 2.300838 13.81501 -9999 -9999 -9999 -9999 -9999 6.210073 27.28097 56.77124 13.9508 -9999 -9999 -9999 -9999 -9999 -9999 25.18587 0.444621 -9999 -9999 -9999 -9999 -9999 -9999 -9999 -9999 -9999 -9999
23.42756 26.06096 7.51407 6.511161 1.02055 1.895669 4.291956 14.98958 2.433502 -9999 11.8293 15.76579 723.3138 134.3699 -9999 -9999 -9999 -9999 -9999 -9999 -9999 -9999 -9999 -9999 -9999 -9999 -9999 -9999 0.1328519 9.501155 -9999 0.6242946 85.11549 8.520229 11.56227 23.14909 92.83624 16.55987 4.00965 -9999 0.6051559 6.917153 5.656163 14.35703 4.879928 16.13787 16.72996 -9999 -9999 -9999 -9999 -9999 2.122227 44.47495 6.870406 -9999 -9999 -9999 -9999 -9999 9.154405 23.55088 42.81749 38.34633 -9999 -9999 -9999 -9999 -9999 -9999 -9999 -9999 -9999 -9999
6.642889 17.9794 7.061395 7.612188 0.262436 2.704949 7.64708 56.7087 2.940829 19.61558 11.18174 7.757569 10.3862 -9999 -9999 -9999 -9999 -9999 -9999 -9999 -9999 -9999 -9999 -9999 -9999 -9999 -9999 -9999 -9999 0.9350431 3.213908 -9999 115.27 -9999 16.22004 2.241013 3.227407 12.31975 -9999 -9999 12.25353 28.05609 3.661825 0.1145537 -9999 2.969961 -9999 -9999 -9999 -9999 -9999 1.122732 11.47216 26.84538 -9999 -9999 -9999 -9999 -9999 22.91401 15.35078 69.91518 40.52947 10.08315 -9999 -9999 -9999 -9999 -9999 -9999 -9999 -9999 -9999 -9999
