DataImport/DataFusion/Data/gpw_v4_land_water_area_rev10_landareakm_30_min.asc
ncols         720
nrows         290
xllcorner     -180
yllcorner     -60
cellsize      0.49999999999997
NODATA_value  -9999
[rows 0 to 31 of 290, columns 144 to 215 of 720]
-9999 -9999 -9999 -9999 -9999 -9999 -9999 -9999 -9999 -9999 -9999 -9999 -9999 -9999 -9999 -9999 -9999 -9999 -9999 -9999 -9999 -9999 -9999 -9999 -9999 -9999 -9999 -9999 -9999 -9999 -9999 -9999 -9999 -9999 -9999 -9999 -9999 -9999 -9999 -9999 -9999 -9999 -9999 -9999 -9999 -9999 -9999 -9999 -9999 -9999 -9999 -9999 -9999 -9999 -9999 -9999 -9999 -9999 -9999 -9999 -9999 -9999 -9999 -9999 -9999 -9999 -9999 -9999 -9999 -9999 -9999 -9999
-9999 -9999 -9999 -9999 -9999 -9999 -9999 -9999 -9999 -9999 -9999 -9999 -9999 -9999 -9999 -9999 -9999 -9999 -9999 -9999 -9999 -9999 -9999 -9999 -9999 -9999 -9999 -9999 -9999 -9999 -9999 -9999 -9999 -9999 -9999 -9999 -9999 -9999 -9999 -9999 -9999 -9999 -9999 -9999 -9999 -9999 -9999 -9999 -9999 -9999 -9999 -9999 -9999 -9999 -9999 -9999 -9999 -9999 -9999 -9999 -9999 -9999 -9999 -9999 -9999 -9999 -9999 -9999 -9999 -9999 -9999 -9999
-9999 -9999 -9999 -9999 -9999 -9999 -9999 -9999 -9999 -9999 -9999 -9999 -9999 -9999 -9999 -9999 -9999 -9999 -9999 -9999 -9999 -9999 -9999 -9999 -9999 -9999 -9999 -9999 -9999 -9999 -9999 -9999 -9999 -9999 -9999 -9999 -9999 -9999 -9999 -9999 -9999 -9999 -9999 -9999 -9999 -9999 -9999 -9999 -9999 -9999 -9999 -9999 -9999 -9999 -9999 -9999 -9999 -9999 -9999 -9999 -9999 -9999 -9999 -9999 -9999 -9999 -9999 -9999 -9999 -9999 -9999 -9999
-9999 -9999 -9999 -9999 -9999 -9999 -9999 -9999 -9999 -9999 -9999 -9999 -9999 -9999 -9999 -9999 -9999 -9999 -9999 -9999 -9999 -9999 -9999 -9999 -9999 -9999 -9999 -9999 -9999 -9999 -9999 -9999 -9999 -9999 -9999 -9999 -9999 -9999 -9999 -9999 -9999 -9999 -9999 -9999 -9999 -9999 -9999 -9999 -9999 -9999 -9999 -9999 -9999 -9999 -9999 -9999 -9999 -9999 -9999 -9999 0.02048859 42.75836 61.47841 53.02625 41.25012 22.26511 35.38031 44.44045 10.77698 11.18471 59.55926 74.45537
-9999 -9999 -9999 -9999 -9999 -9999 -9999 -9999 -9999 -9999 -9999 -9999 -9999 -9999 -9999 -9999 -9999 -9999 -9999 -9999 -9999 -9999 -9999 -9999 -9999 -9999 -9999 -9999 -9999 -9999 -9999 -9999 -9999 -9999 -9999 -9999 -9999 -9999 -9999 -9999 -9999 -9999 -9999 -9999 -9999 -9999 -9999 -9999 -9999 -9999 -9999 54.89362 109.2482 151.6328 184.3622 232.7076 301.0496 327.2628 319.6624 307.8723 321.9993 322.9524 280.3443 305.8586 331.3314 385.5517 388.3347 384.9929 303.742 327.0011 352.5119 390.0032
-9999 -9999 -9999 -9999 -9999 -9999 -9999 -9999 -9999 -9999 -9999 -9999 -9999 -9999 -9999 -9999 -9999 -9999 -9999 -9999 -9999 -9999 -9999 -9999 -9999 -9999 -9999 -9999 -9999 -9999 -9999 -9999 -9999 -9999 -9999 -9999 -9999 -9999 28.7021 64.41228 72.30911 32.68674 87.72486 139.106 177.051 355.6899 362.8242 312.1172 295.6306 197.4314 202.134 326.6528 326.9604 345.1223 356.0943 381.7198 409.3356 417.7678 417.7678 417.7678 417.7678 417.7678 417.7678 414.9975 417.5163 417.2166 408.1749 417.7678 417.7678 417.7678 417.7678 417.7678
-9999 -9999 -9999 -9999 -9999 -9999 -9999 -9999 -9999 -9999 -9999 -9999 -9999 -9999 -9999 -9999 -9999 -9999 -9999 -9999 -9999 -9999 -9999 -9999 -9999 -9999 -9999 -9999 -9999 -9999 -9999 -9999 94.69418 201.0345 194.6421 225.1451 320.9507 345.1797 395.7919 401.7329 422.2937 419.3698 417.2269 444.5397 424.9931 428.0159 408.1072 442.1345 444.5397 444.099 438.7696 441.3209 443.6986 444.1653 443.8688 431.3292 416.151 442.1725 444.5397 441.4171 444.4561 444.5397 444.5397 441.745 427.8716 440.5128 442.2467 440.5532 444.5397 443.101 410.6072 356.2263
-9999 -9999 -9999 -9999 -9999 -9999 -9999 -9999 -9999 -9999 -9999 -9999 -9999 -9999 -9999 -9999 -9999 -9999 -9999 -9999 -9999 -9999 -9999 -9999 -9999 9.866412 44.85545 107.0793 185.8868 219.4147 269.4047 232.5214 95.06541 -9999 31.46139 176.1079 308.0449 351.574 409.6791 411.0007 412.9061 396.3155 375.9587 377.9118 330.5016 357.2961 396.5191 430.0986 433.9915 444.8404 439.7628 463.8445 463.5818 468.7826 468.2191 468.644 471.2778 408.5122 363.8354 363.6547 413.4165 419.812 452.9979 471.2778 471.2778 468.9388 467.9472 467.3281 470.0304 471.2778 471.2778 471.1229
-9999 -9999 -9999 -9999 -9999 -9999 -9999 -9999 -9999 -9999 -9999 -9999 -9999 -9999 -9999 -9999 -9999 -9999 -9999 -9999 -9999 -9999 -9999 7.369679 110.8852 307.7774 313.7199 406.291 455.4628 442.4682 427.3115 486.1458 495.0851 348.6342 179.1108 49.94033 25.15104 95.72944 189.8297 290.5463 337.8757 337.3409 240.8249 307.507 383.3138 478.7455 480.4042 475.1971 362.3604 296.437 403.5523 363.1454 378.9527 366.622 314.1847 274.3708 268.4459 203.8211 312.3502 373.7099 414.9714 437.8398 447.9362 486.645 474.3883 489.4286 497.98 497.98 496.0547 497.98 497.98 497.98
-9999 -9999 -9999 -9999 -9999 -9999 -9999 -9999 -9999 -9999 -9999 -9999 -9999 -9999 -9999 23.39421 146.2214 139.1337 39.85072 -9999 -9999 -9999 56.21933 241.7482 291.4595 374.6481 321.8861 411.3211 315.428 92.35096 43.31761 107.9838 230.7626 316.5633 493.4417 523.3467 515.5215 460.735 191.8835 397.9661 314.3715 51.88436 37.51501 333.1922 334.315 287.9635 286.9985 286.785 253.4255 142.8741 184.834 347.5345 425.4866 450.1327 480.0213 507.5313 519.2509 524.6443 524.6443 524.6443 524.6443 524.6443 524.6443 524.6443 524.6443 524.6443 524.6443 524.6443 524.6443 524.6443 524.6443 485.7173
-9999 -9999 -9999 -9999 -9999 -9999 -9999 -9999 -9999 -9999 -9999 -9999 -9999 -9999 -9999 37.38633 123.3123 231.4341 197.0407 -9999 3.733678 2.065127 21.99478 207.8698 396.817 339.5339 440.5139 322.9641 176.4166 155.8634 199.3361 428.429 424.1924 234.8861 8.05442 78.02881 203.8094 458.1592 546.9675 550.6414 551.2686 417.288 148.9527 346.656 365.272 355.8218 543.3793 551.2686 551.2686 551.152 536.3904 422.9363 251.8709 458.249 474.7036 496.0037 530.2811 549.1956 550.0147 551.2686 549.3216 533.233 537.5302 548.5769 551.2686 549.2805 515.2037 460.8456 452.8996 365.8657 332.8977 357.6328
-9999 -9999 -9999 -9999 59.72747 334.7834 349.0262 415.4073 413.1508 342.8135 145.2378 37.64313 92.08733 11.05203 -9999 -9999 -9999 -9999 -9999 -9999 1.859214 -9999 -9999 -9999 50.91344 181.1149 216.4429 147.6926 258.2495 302.2907 275.6662 426.2363 473.2882 406.3224 438.4008 457.2692 288.6954 73.36951 126.468 526.2823 545.9561 572.087 559.3819 475.2859 483.1043 290.5803 121.7935 444.337 508.6576 564.041 577.851 577.851 553.0451 573.0367 492.3643 481.1529 442.6833 532.1042 533.0703 512.5314 476.3506 347.1595 345.3916 262.677 245.8014 367.8992 287.9551 83.67561 12.63521 0.3313593 -9999 -9999
-9999 -9999 -9999 -9999 -9999 1.458106 221.6828 138.9469 328.0739 564.9365 562.1489 582.421 604.3893 547.1581 362.6757 349.5611 146.0585 0.4586718 -9999 215.0961 382.8906 328.3707 241.8789 98.5783 12.85791 0.4080532 -9999 47.07263 247.88 414.6977 455.166 497.5277 275.3939 72.59522 105.2645 459.5213 355.2423 253.9622 330.1351 373.2625 387.0912 271.4511 329.5087 471.8099 493.7698 501.1778 442.1954 463.6751 460.9025 409.3778 424.9519 475.4426 412.0566 282.5196 137.6602 117.4066 44.97004 21.72443 17.39673 117.0974 88.08099 74.53821 139.9656 229.2082 151.2188 206.8024 155.33 54.95437 -9999 -9999 3.32602 49.80724
-9999 -9999 -9999 -9999 -9999 0.5128933 170.8723 297.6739 253.9835 256.6902 275.5948 279.2036 344.049 377.8488 568.1179 630.8816 500.2461 213.912 6.448036 92.06986 375.1099 491.6643 614.3058 630.1583 626.4134 505.0222 74.29739 37.15686 -9999 -9999 124.9403 284.1884 320.5326 231.9589 353.8051 234.7837 205.815 259.7684 296.3583 108.8778 5.282172 442.241 462.8946 416.7627 480.1609 424.4628 479.6815 597.6821 625.506 630.8816 598.6897 608.0308 541.2061 524.7036 474.2521 275.2323 110.8405 -9999 1.973835 6.233953 9.13263 3.630828 51.62345 118.6102 180.7415 81.06423 0.00199746 -9999 -9999 1.291351 167.3066 322.8799
-9999 -9999 -9999 12.2241 251.3106 181.1622 1.901621 -9999 -9999 -9999 1.307238 217.2668 262.958 152.7424 69.58254 221.7121 245.4254 179.6796 0.2114588 -9999 -9999 91.4181 209.6012 298.4824 467.6581 403.0807 380.8355 353.2375 347.9189 120.6365 -9999 -9999 -9999 68.62007 190.7149 137.9543 12.96289 -9999 -9999 95.4865 408.368 514.4182 488.1205 386.609 95.07594 377.4324 548.9688 619.9667 619.9724 487.8994 495.8459 657.3258 486.8984 116.6173 0.379751 13.11217 4.930146 0.471558 -9999 48.45212 103.1571 26.69572 47.242 8.682668 11.60905 -9999 -9999 -9999 -9999 -9999 -9999 24.56141
-9999 -9999 -9999 -9999 70.22427 395.3028 350.2077 132.7796 14.42695 -9999 -9999 -9999 -9999 -9999 -9999 -9999 -9999 -9999 -9999 -9999 -9999 25.01424 0.9919123 46.29799 142.2798 120.9423 24.41393 50.37083 68.91695 2.545234 -9999 -9999 -9999 141.9554 375.9587 396.6667 191.4061 -9999 30.83789 160.5944 260.2208 486.4341 642.3807 649.864 588.9612 541.5017 447.5034 513.1331 535.0933 647.7126 683.72 663.5698 480.1669 473.2975 219.1497 137.4848 189.4886 128.839 39.6819 12.99149 0.5844018 -9999 -9999 -9999 -9999 -9999 -9999 -9999 -9999 -9999 10.15417 34.72045
-9999 -9999 -9999 -9999 -9999 -9999 45.11906 241.5116 134.169 4.307805 -9999 -9999 25.28826 131.0464 217.3892 224.0412 217.6981 52.93451 195.5143 133.32 26.40893 48.67124 234.7678 538.5486 672.9927 708.366 678.848 591.9874 579.2767 257.2156 161.4086 170.6782 254.8291 243.4466 147.6697 365.1766 221.155 544.4445 591.926 516.5801 621.0995 628.3287 492.613 198.9265 53.29232 131.437 260.8794 432.5359 546.9554 556.9482 571.6588 532.8873 628.3823 503.0759 402.8525 492.0432 588.8271 460.5229 182.3475 175.9427 94.73598 -9999 -9999 -9999 -9999 -9999 -9999 -9999 -9999 8.419634 2.795261 -9999
58.42993 -9999 39.64469 76.7352 7.139837 -9999 2.365434 376.7374 586.4117 575.8654 376.481 95.2186 524.1266 543.8109 384.0384 401.5226 692.4436 689.0349 720.9463 736.3502 548.769 10.58393 0.873781 9.871325 147.836 304.667 356.088 327.6019 297.2941 203.2011 528.2787 736.3502 730.6699 632.2816 530.9044 369.433 260.8304 153.8512 73.77666 135.435 187.6336 90.26502 151.6077 143.2883 192.5789 188.2059 166.2453 82.67922 75.41669 83.7163 125.8256 66.86618 36.53072 50.52103 164.4292 77.03166 51.64627 118.3497 55.23887 8.950595 -9999 -9999 -9999 -9999 -9999 -9999 -9999 -9999 -9999 -9999 -9999 -9999
641.0257 608.6104 626.6919 762.5822 703.9269 93.70276 -9999 -9999 124.6648 226.6627 428.2324 518.4803 482.9319 560.5389 608.5651 547.0486 593.123 739.4666 752.9105 762.5822 570.8924 73.13187 122.0982 167.9859 70.29421 145.7659 394.42 184.6304 -9999 -9999 5.899348 273.5928 761.9466 736.2321 708.3624 712.9254 579.1241 267.9341 168.6416 71.08243 77.57185 131.3204 2.351718 12.67665 92.43943 161.6109 253.8647 366.6893 468.4574 378.4117 448.2875 507.9249 476.8984 350.6016 216.2 163.9904 45.92266 168.0475 13.86403 -9999 -9999 -9999 -9999 -9999 -9999 -9999 -9999 -9999 -9999 -9999 -9999 -9999
755.7764 788.7561 786.505 737.0665 282.8316 -9999 251.3063 625.0131 279.9661 -9999 0.01574861 -9999 -9999 -9999 38.19375 566.7984 777.7 763.6306 767.6907 702.4065 224.7002 51.75691 178.7614 401.8613 713.2095 788.7561 788.7561 783.0884 570.9073 7.545107 0.02871967 543.1125 782.6192 788.7561 788.7561 788.7561 788.7561 781.0529 742.0092 779.4079 780.3018 783.2822 752.2189 658.7111 762.2508 788.7561 788.7561 788.7561 788.7561 788.7561 788.7561 788.7561 788.7561 788.7561 788.7561 682.564 458.2678 4.204044 -9999 -9999 -9999 -9999 -9999 -9999 -9999 -9999 -9999 -9999 -9999 -9999 -9999 -9999
27.35537 113.2684 40.38262 -9999 -9999 -9999 -9999 -9999 -9999 -9999 -9999 -9999 -9999 -9999 -9999 5.710748 31.62458 5.726136 3.742301 13.17529 47.47476 72.85825 2.548378 102.8639 371.4631 462.1723 558.9451 582.9155 564.7029 82.93086 -9999 44.88981 468.1875 503.6308 483.1144 680.2775 752.7109 605.8285 397.5936 791.8209 812.4532 804.2476 786.0836 777.0983 798.0217 740.1751 778.7133 790.2567 712.5325 410.8752 753.0248 773.8972 809.3911 701.8395 702.1674 432.0438 255.226 21.30228 -9999 -9999 -9999 -9999 -9999 -9999 -9999 -9999 -9999 -9999 -9999 -9999 -9999 -9999
-9999 -9999 -9999 -9999 -9999 -9999 -9999 -9999 -9999 -9999 -9999 -9999 -9999 -9999 -9999 -9999 -9999 1.942982 70.40651 132.6715 161.5488 0.3008124 -9999 -9999 -9999 20.85074 135.9473 218.129 243.1901 280.229 198.0655 45.76744 37.71438 24.77108 -9999 44.04716 18.41604 -9999 0.7420503 25.89098 48.99516 38.62697 42.81443 19.11491 13.01716 4.787593 0.02053866 -9999 -9999 -9999 -9999 4.335115 25.61118 -9999 -9999 -9999 -9999 -9999 -9999 -9999 -9999 -9999 -9999 -9999 -9999 -9999 -9999 -9999 -9999 -9999 -9999 -9999
97.03369 -9999 206.324 400.2863 420.5433 451.361 256.9652 11.18763 -9999 -9999 -9999 -9999 1.646534 159.2839 461.2779 637.65 651.5294 599.4932 730.8163 756.0015 680.7266 462.5858 22.69614 -9999 119.1653 596.5865 812.5715 866.9095 866.9095 866.7135 860.562 829.1341 866.9095 866.9079 670.5149 127.6027 0.400374 -9999 -9999 132.658 356.8698 497.1594 588.7507 617.0907 584.1382 400.5193 47.05844 0.1934472 108.6844 248.4843 379.6054 395.2808 395.9776 120.4351 286.8747 407.6173 321.5363 239.113 273.1032 283.3296 166.8383 37.0518 -9999 -9999 -9999 -9999 -9999 -9999 -9999 -9999 -9999 -9999
576.6891 430.334 549.8356 551.0767 777.2066 825.2242 532.972 1.85359 -9999 -9999 1.751038 126.4396 44.68864 220.4728 386.9748 645.9154 871.9658 892.8312 892.8148 762.7011 436.5244 221.7393 267.5592 -9999 244.5113 855.393 888.9908 892.8312 892.8312 892.8312 892.8312 892.8312 862.5635 380.6432 7.988363 -9999 -9999 173.5192 663.2085 888.1114 892.8312 892.8312 892.8312 644.2079 128.641 231.5791 536.6071 729.5348 787.2932 892.8312 892.8312 892.8312 892.8312 727.2733 578.448 570.8356 892.8312 892.8312 892.8312 892.8312 892.8312 845.549 491.3004 85.64834 -9999 -9999 -9999 -9999 -9999 -9999 -9999 -9999
836.6556 878.1577 828.707 866.5111 799.2041 346.8846 -9999 -9999 -9999 -9999 193.7212 806.2958 832.2444 465.8472 446.4944 711.8095 916.8478 918.685 857.8491 792.127 918.685 672.1007 606.5505 59.34345 212.2921 738.0969 624.1342 852.3748 674.3408 369.0712 458.0206 500.5386 164.7004 -9999 -9999 -9999 156.944 775.6686 918.685 918.685 918.685 918.685 694.053 34.79225 255.5085 845.5402 830.274 887.5188 912.8121 916.8294 918.685 918.685 918.685 918.685 812.5294 148.967 351.6983 452.2453 319.437 434.0588 592.4388 717.8983 660.4783 389.655 142.8273 24.09378 -9999 -9999 -9999 -9999 -9999 -9999
449.6805 909.8642 890.6937 777.0879 811.481 789.3775 50.89401 -9999 -9999 -9999 -9999 0.06148059 282.2645 393.8176 593.2612 901.7552 944.4688 944.4688 944.4688 924.3323 904.6062 944.4688 851.523 100.5975 -9999 328.7372 912.4988 865.3487 347.3121 10.67561 -9999 -9999 -9999 -9999 -9999 0.1235444 698.3502 940.0723 940.2567 944.2084 944.4688 944.4688 931.454 258.2309 142.6693 623.606 661.5767 874.5129 927.5232 944.4688 944.4688 940.6595 916.8353 857.1296 486.2139 429.8133 733.1627 650.3898 515.2117 786.5222 867.6039 904.7575 944.4218 901.7015 895.2096 719.1481 264.1859 98.71187 -9999 -9999 -9999 -9999
375.122 795.0187 844.3109 871.3282 848.5657 862.6213 736.218 109.8603 -9999 -9999 -9999 -9999 -9999 -9999 -9999 90.11358 443.9333 916.4602 970.1806 768.1647 691.6305 651.3815 368.0475 11.65812 224.8752 724.6683 877.9189 506.14 321.9282 26.06851 -9999 -9999 -9999 -9999 -9999 20.92063 843.6558 970.1806 970.1806 970.1806 961.4972 958.0192 968.7031 767.0699 395.8186 587.8624 693.8065 946.1976 967.1058 969.941 970.1806 966.341 944.7396 879.5132 892.4586 940.8936 960.822 919.9155 885.3269 876.9117 915.9009 969.9373 965.9647 920.5082 891.8422 882.7948 715.4388 607.6704 285.1755 116.1669 226.5824 203.9623
784.9996 830.3261 766.7259 838.2153 875.4052 876.5716 937.8608 149.9283 -9999 -9999 -9999 -9999 -9999 -9999 -9999 -9999 -9999 156.2304 381.9419 169.9465 -9999 -9999 48.18342 622.5217 692.2777 979.9479 992.087 972.3147 988.0786 904.287 159.5394 -9999 -9999 -9999 -9999 -9999 302.1419 509.1658 560.7627 492.5553 650.505 895.9788 931.5303 865.5916 854.6883 725.4246 619.7153 958.5124 956.305 981.3543 995.8186 995.8185 995.8186 984.0703 978.2862 930.6271 886.7566 843.8626 880.0468 990.0388 978.9609 992.3239 992.5782 984.1691 965.9211 973.4514 854.2448 906.6738 803.2306 751.8842 927.9872 942.0437
930.1961 917.4987 904.941 885.0203 895.0194 929.1833 915.3629 901.8848 411.6356 229.6562 87.8899 -9999 -9999 -9999 88.36009 154.2196 -9999 -9999 -9999 -9999 -9999 -9999 41.67699 733.9312 993.9167 1021.381 1020.502 1021.075 1021.381 1019.837 625.2039 185.4666 0.6075105 -9999 -9999 -9999 -9999 340.6517 934.6324 921.2049 841.0009 945.6973 960.7518 971.9291 973.0169 988.7551 959.5415 1015.329 1021.381 1021.381 1021.381 1020.512 955.3331 964.9501 743.6871 793.7873 888.9706 764.0311 923.3326 995.3978 1010.913 978.1928 1011.828 1009.84 1012.027 999.9771 1004.22 995.7733 891.1228 920.9184 977.3543 819.6782
876.9111 880.8895 946.1901 915.5291 966.6382 971.6906 992.3628 915.7344 934.3641 1008.925 951.2696 716.7271 507.6629 325.1686 63.78273 26.65525 -9999 -9999 -9999 -9999 -9999 -9999 25.90753 919.9789 1046.865 1046.865 1040.944 1041.473 1027.262 1030.681 1026.361 820.2557 347.8365 3.806759 16.60001 0.3239475 -9999 -9999 38.85088 204.7717 406.4255 482.5008 511.4899 760.4719 944.2723 861.1481 896.8134 966.1768 995.2449 1010.702 974.6677 967.5486 916.3149 823.4429 846.8643 946.0408 863.3351 765.9719 484.2529 509.9108 695.3296 1011.315 1028.143 1029.638 1038.296 1007.175 1031.383 1032.453 958.621 816.6846 915.4614 997.3322
941.0554 871.954 989.176 955.2055 980.7554 955.0582 957.8958 829.8223 890.4699 697.8374 870.3189 381.6413 493.1667 628.2687 147.9059 -9999 -9999 -9999 18.68361 420.2786 703.2896 412.0938 70.82977 210.4742 631.644 776.9421 821.1622 978.7111 901.2846 950.1816 900.6412 506.9778 203.3278 304.3868 87.28516 34.61623 -9999 -9999 -9999 -9999 -9999 0.9772648 33.09304 1.11936 15.05453 606.6049 724.7911 692.6288 619.9951 433.5659 617.3229 430.7022 166.4825 276.9118 189.0297 430.1083 542.9917 307.951 248.3449 326.6792 188.9213 364.4828 782.8179 995.0089 969.8196 993.6437 1052.521 1064.527 1068.509 998.2308 1060.93 1053.715
1061.854 916.2803 219.8461 453.3522 422.5496 727.6547 805.486 991.6434 1017.857 949.2991 816.1502 964.6139 336.0139 92.34001 15.1673 155.6928 27.88824 295.1158 485.5573 906.4191 977.603 969.41 995.7998 771.6989 291.2907 74.76138 -9999 437.2387 726.0809 686.2122 901.5043 804.4321 1063.992 1022.397 684.675 337.2341 71.05869 494.4439 235.14 0.01102385 -9999 -9999 -9999 -9999 1.052821 706.4523 993.912 1088.154 1097.593 1094.381 1018.624 775.1751 687.5444 129.6995 -9999 22.16368 0.07309261 112.0797 518.3128 178.7472 -9999 436.8401 273.8389 261.1378 558.3152 998.3723 924.0192 1006.971 1023.664 1064.287 1084.678 1080.89
