DataImport/DataFusion/Data/gpw_v4_land_water_area_rev10_landareakm_30_min.asc
ncols         720
nrows         290
xllcorner     -180
yllcorner     -60
cellsize      0.49999999999997
NODATA_value  -9999
[rows 32 to 63 of 290, columns 144 to 215 of 720]
433.8586 497.3475 702.5163 781.4655 619.897 203.6199 457.0483 222.575 345.3737 384.8286 360.0197 258.9632 284.2909 0.2990903 116.698 372.9193 11.51904 233.1833 330.1412 541.0815 860.5001 978.1786 977.1573 949.2962 463.2798 158.7955 67.26048 511.9287 366.2802 1103.12 1119.65 1077.411 1104.349 1071.206 1059.32 85.27565 775.0512 1063.543 1085.502 935.2889 95.51611 -9999 -9999 -9999 204.174 679.0504 1021.408 1122.832 1122.422 1094.706 978.0988 746.7887 947.894 279.301 -9999 0.2265078 -9999 214.8746 270.0566 8.355061 -9999 -9999 154.5221 601.9301 296.3413 492.0435 552.8019 916.5331 916.4689 1022.498 1057.715 1080.797
634.5573 642.1152 717.4659 794.0674 1015.765 896.5862 734.3782 154.0606 109.7443 108.8478 0.07209916 -9999 -9999 -9999 27.31285 34.988 1.987646 22.14004 226.9526 749.041 1059.734 1035.873 529.8223 463.0346 24.79461 126.4349 180.1482 666.0925 1097.156 1138.844 1120.445 1088.91 1147.986 1147.986 1112.339 755.0616 1060.064 1066.38 1144.303 721.2493 245.1895 10.04033 493.3933 101.7242 698.8444 1147.986 1125.452 1116.389 1146.38 1140.628 1111.958 585.5768 71.7958 -9999 -9999 -9999 -9999 143.8354 165.153 -9999 -9999 2.322115 455.3256 708.6245 752.3411 630.9707 225.7615 426.2089 375.9456 527.2332 1007.125 1018.52
792.6304 1099.319 1168.24 1123.814 1168.677 1172.662 1107 1153.987 1167.697 1102.617 797.1815 596.8268 548.8755 561.8232 735.6286 807.4822 748.521 611.1412 714.6296 1028.518 518.4542 783.022 1145.462 736.6315 101.4922 1055.247 1116.436 1165.871 1172.563 1171.929 1083.792 1107.551 1170.632 1147.678 1144.366 1161.434 1170.042 1173.052 1173.052 780.3539 93.87411 -9999 433.8397 968.8416 1173.052 1173.043 1136.009 1163.197 1087.768 1162.987 1173.052 1102.549 598.2898 90.43188 -9999 -9999 -9999 -9999 -9999 -9999 -9999 480.3457 1173.052 1173.052 1173.052 994.7532 174.359 523.3212 528.7753 129.3507 393.3396 1073.353
454.8764 1089.617 1196.368 1184.069 1152.823 1157.344 1193.806 1189.624 1187.436 1194.27 1091.97 1187.993 1186.324 1169.77 1160.382 1195.104 1188.309 1197.573 1182.849 977.2511 1158.461 1187.176 1145.459 939.8241 720.9948 825.2116 1182.957 1195.205 1188.468 1180.692 1195.444 1188.921 1184.381 1191.006 1154.594 1193.561 1197.211 1198.03 1192.46 1197.965 1079.175 551.2715 910.0603 1193.036 1175.501 1165.854 1149.643 1160.255 1149.127 1176.901 1170.06 1185.888 1171.364 404.2339 -9999 -9999 -9999 -9999 -9999 -9999 -9999 153.4939 642.1119 607.2526 525.9095 181.6938 -9999 -9999 -9999 -9999 96.13037 845.8217
722.9605 1064.614 1222.915 1222.915 1222.915 1222.915 1203.62 1196.674 1215.417 1101.392 1006.173 1170.683 1221.061 1194.343 1160.049 1215.502 1202.573 1144.128 1211.574 1147.025 1142.744 1142.649 1135.479 1071.076 1065.761 1130.156 1222.915 1209.928 1191.73 1206.742 1208.643 1182.216 1192.081 1195.858 1115.671 1198.845 1194.315 1061.685 1037.999 1131.76 1157.154 1146.793 1123.398 1157.673 1155.513 1064.197 1039.806 979.0959 1046.474 1218.336 1059.375 622.7161 54.63121 6.335945 -9999 -9999 -9999 -9999 -9999 -9999 -9999 -9999 -9999 -9999 -9999 -9999 -9999 -9999 2.427276 381.2713 1048.522 1136.023
1219.351 1056.696 1245.295 1201.214 1221.784 1235.861 1233.86 1216.658 1239.088 1120.54 1118.009 1151.788 1176.938 1213.018 1135.253 1001.697 1217.395 1199.326 1220.252 1117.552 1043.058 1174.723 1131.764 1184.359 1226.839 1247.708 1247.708 1167.469 1146.808 1195.027 1170.388 1247.708 1234.427 1228.554 1247.162 1231.837 1246.597 1201.181 1181.356 1159.561 1185.469 1213.479 1044.133 655.9192 58.40532 333.2876 690.1003 782.1473 410.9584 360.8878 30.93267 -9999 -9999 -9999 -9999 -9999 -9999 -9999 -9999 -9999 -9999 -9999 -9999 -9999 -9999 -9999 -9999 521.147 1024.215 1240.788 1242.223 1245
1219.452 1234.583 1260.726 1271.955 1259.157 1254.87 1211.63 1245.127 1269.717 1262.787 1258.721 1249.1 1222.075 1120.071 1100.489 1006.902 918.1528 1062.953 1090.472 1185.102 1076.642 1179.145 1240.519 1258.308 1241.785 1247.391 1272.406 1255.19 1225.395 1237.672 1259.275 1250.396 1269.365 1125.233 1238.886 1164.688 831.113 553.5211 881.3851 1233.814 1260.217 1259.976 1010.927 244.1654 867.7042 784.3067 618.9297 164.9751 521.6962 180.3936 -9999 -9999 -9999 -9999 -9999 -9999 -9999 -9999 -9999 -9999 -9999 0.895975 -9999 -9999 -9999 -9999 -9999 134.1153 748.9291 1264.039 1267.715 1246.402
1262.06 1265.725 1227.13 1268.77 1265.108 1279.09 1278.06 1282.064 1287.318 1199.207 1256.241 1141.502 1289.606 1295.973 1258.177 1225.177 1136.765 1177.709 1286.579 1202.554 1154.535 1164.534 1214.186 1182.276 1194.873 1111.467 1254.253 1280.047 1257.641 1288.919 1289.643 1284.301 1276.874 1270.353 1284.753 1294.88 1297.007 1150.7 828.2623 908.1649 1173.88 996.9815 24.02136 349.2065 1297.007 1260.404 845.6964 869.1259 436.4836 125.537 0.04638456 -9999 -9999 -9999 -9999 -9999 -9999 -9999 -9999 2.834327 245.4914 999.6849 1019.04 776.8544 701.4069 676.4671 920.9388 1103.585 1236.473 1288.798 1297.007 1253.739
1238.712 1255.791 1284.438 1285.435 1319.209 1321.509 1321.509 1313.513 1321.509 1294.406 1319.111 1321.509 1311.167 1286.748 1210.709 1162.531 1180.333 1085.489 1124.548 1106.571 1089.224 1067.735 1253.644 1229.213 985.4969 1201.533 1279.998 1314.113 1230.92 1191.106 1253.748 1305.641 1244.786 1284.753 1313.558 1275.241 1321.509 1321.509 1321.509 1313.017 1219.197 398.6014 0.05902828 701.4094 1321.509 1321.509 1321.509 1321.509 1321.509 1237.906 831.8722 569.7584 83.23862 -9999 -9999 -9999 -9999 -9999 -9999 357.3724 1309.636 1292.306 1274.731 1290.229 1079.371 1046.544 991.1859 941.3137 1081.878 1196.728 1185.643 1074.243
1089.397 1172.983 1192.25 1268.82 1304.053 1326.121 1345.91 1342.475 1335.672 1340.126 1280.889 1331.216 1316.135 1338.605 1325.077 1288.33 1068.34 1137.02 1033.63 1148.636 1204.352 1275.639 1105.403 1164.259 761.5242 785.008 930.0836 1168.142 1278.342 1296.395 1258.202 1246.101 1207.56 1290.009 1238.139 1268.01 1125.633 1267.709 1301.75 961.5248 142.8663 -9999 4.585753 842.9567 1345.91 1345.909 1345.91 1345.91 1298.697 1009.633 1326.949 1345.91 733.1888 130.7935 115.2529 -9999 -9999 -9999 -9999 9.471041 400.3163 548.9057 721.0828 453.0248 197.4971 90.47864 251.8451 188.5793 399.4259 637.9231 1159.291 1217.664
1177.202 1072.061 1290.667 1305.462 1292.321 1341.122 1351.505 1343.736 1366.976 1370.209 1370.209 1370.209 1334.026 1286.77 1125.037 1277.908 1181.478 1100.126 991.7101 1025.784 1101.23 1226.53 1172.801 1205.067 1304.9 1217.455 1317.023 1295.866 1255.135 1156.13 1231.662 1138.267 1186.727 1049.531 1165.24 857.8448 81.85961 54.63862 10.61603 -9999 -9999 245.7603 959.0972 938.1761 895.5515 1366.819 1370.209 1144.595 575.3528 37.76711 112.1478 820.1797 1065.396 1344.934 1108.776 182.6518 -9999 -9999 0.04690486 7.902564 136.8806 340.7736 206.3894 -9999 -9999 -9999 -9999 -9999 -9999 9.143911 306.471 711.3509
990.0877 1232.409 1249.823 1231.267 1178.326 1244.049 1270.863 1378.777 1394.404 1394.404 1345.372 1237.773 543.9969 363.8155 1063.28 1282.089 1238.953 1252.087 1379.111 1220.767 1315.484 1354.65 1262.483 1347.423 1256.497 1341.389 1269.126 1384.366 1282.16 1321.651 1148.767 1168.488 1382.102 1343.971 727.3831 -9999 -9999 -9999 -9999 -9999 -9999 -9999 -9999 -9999 270.1723 1051.239 694.8391 34.60894 8.596922 -9999 4.833057 -9999 -9999 65.26964 19.30994 -9999 -9999 -9999 14.84488 618.5594 765.3394 42.56964 233.7955 -9999 -9999 -9999 -9999 -9999 -9999 -9999 -9999 29.01111
1403.086 1381.182 1032.634 1218.986 1340.224 1386.009 1375.415 1260.06 1400.332 1153.669 1196.843 1313.77 879.1907 791.8981 1206.029 1169.604 1085.645 1104.381 1418.352 975.1593 650.7068 1344.048 1273.902 1330.279 1000.672 1340.69 1387.752 1343.23 1328.873 1379.858 1281.016 939.8603 573.7048 443.1102 100.8606 -9999 -9999 -9999 -9999 -9999 -9999 -9999 -9999 -9999 -9999 -9999 -9999 -9999 317.846 1104.816 1195.341 1076.333 94.88254 -9999 -9999 -9999 -9999 -9999 -9999 18.9745 108.7274 129.4157 33.02354 -9999 -9999 -9999 32.82404 185.4733 15.37317 -9999 -9999 -9999
1200.949 1355.242 1363.977 1130.797 1177.055 1349.412 1383.348 1247.041 1263.315 1337.242 1188.812 1249.104 912.1433 1273.36 1367.062 1172.756 1109.59 1435.029 1439.011 1442.033 1231.304 1351.186 1416.387 1388.589 1300.154 1051.156 1131.909 1205.038 1301.459 1193.054 597.0939 108.5478 -9999 -9999 -9999 -9999 -9999 -9999 -9999 -9999 -9999 -9999 -9999 -9999 -9999 -9999 -9999 -9999 617.8612 795.5392 499.2322 16.10774 -9999 -9999 -9999 286.0894 1103.897 356.2607 -9999 332.0645 1308.497 1439.956 1393.353 1146.422 827.607 830.0549 650.3148 848.5539 1254.343 866.4417 310.3416 21.26184
1368.621 1393.049 1335.483 1322.494 1311.806 1311.863 1309.776 1342.146 1356.345 1265.651 1307.803 1129.263 1382.531 1391.567 1340.698 1464.827 1318.538 1399.12 1420.46 1357.649 1375.87 1221.809 1378.045 1328.662 1305.126 1207.056 1350.064 1373.762 1060.291 320.9023 18.15867 0.6094385 -9999 -9999 -9999 -9999 -9999 -9999 -9999 -9999 -9999 -9999 -9999 -9999 -9999 -9999 -9999 -9999 -9999 -9999 -9999 -9999 -9999 -9999 -9999 330.8919 1010.569 53.21117 -9999 115.03 1143.428 1433.302 1426.8 1425.439 1387.093 1463.584 1433.206 1439.201 1459.489 1443.489 1405.472 989.3253
1441.536 1424.532 1419.498 1307.572 1425.474 1275.756 1253.188 1393.957 1381.696 1373.054 1286.208 1204.833 1377.668 1356.416 1344.209 1405.458 1192.489 1361.73 1426.084 1458.627 1456.89 1188.394 1417.591 1400.883 1413.217 1444.141 1299.697 1307.914 108.6116 -9999 -9999 -9999 -9999 -9999 -9999 -9999 -9999 -9999 -9999 -9999 -9999 -9999 -9999 -9999 -9999 -9999 -9999 -9999 -9999 -9999 -9999 -9999 -9999 -9999 -9999 -9999 -9999 -9999 -9999 -9999 809.6727 1432.262 1466.84 1404.251 1285.945 1410.186 1439.022 1399.884 1391.454 1429.944 1475.811 1459.543
1447.124 1485.917 1452.266 1330.103 1265.553 1396.048 1457.482 1085.353 1200.242 1245.692 1182.536 1276.562 1292.498 1177.054 1511.698 1491.319 1379.429 1154.921 1367.58 1434.198 1169.213 1479.125 1421.536 1388.912 1497.067 1435.775 1430.04 325.2545 -9999 -9999 -9999 -9999 -9999 -9999 -9999 -9999 -9999 -9999 -9999 -9999 -9999 -9999 -9999 -9999 -9999 -9999 -9999 -9999 -9999 -9999 -9999 -9999 -9999 -9999 -9999 -9999 -9999 -9999 57.11415 233.5197 999.4355 1468.744 1422.669 1336.657 1400.728 1456.807 1303.192 1322.893 1217.214 1481.131 1501.027 1495.505
1516.883 1417.338 1470.444 1303.472 1265.051 1414.758 1239.167 1187.683 1483.708 1341.93 1363.269 686.5936 1294.21 1519.736 1419.57 1319.448 927.8896 1076.868 1358.622 1421.324 1517.996 1377.209 1500.514 1454.072 1366.981 1499.605 850.6073 -9999 -9999 -9999 -9999 -9999 -9999 -9999 -9999 -9999 -9999 -9999 -9999 -9999 -9999 -9999 -9999 -9999 -9999 -9999 -9999 -9999 -9999 -9999 -9999 -9999 -9999 -9999 -9999 -9999 -9999 -9999 -9999 -9999 341.1071 1395.237 1476.881 1359.804 1375.953 1100.34 1354.875 1368.656 1203.954 1451.816 1537.277 1537.183
1482.066 1458.733 1382.584 1248.421 1325.419 1369.543 1348.15 1266.371 1394.162 1429.994 1394.727 1353.036 1498.569 1338.536 1318.62 1269.271 1043.112 1316.261 1331.467 1344.729 1197.693 1503.252 1448.793 1429.673 1533.892 1534.326 577.6117 -9999 -9999 -9999 -9999 -9999 -9999 -9999 -9999 -9999 -9999 -9999 -9999 -9999 -9999 -9999 -9999 -9999 -9999 -9999 -9999 -9999 -9999 -9999 -9999 -9999 -9999 -9999 12.70687 138.0925 35.61873 -9999 -9999 -9999 329.0583 1318.468 1493.184 1435.349 1413.973 1289.683 1237.285 1293.357 1312.377 1440.605 1542.748 1503.588
1138.531 1354.58 1314.425 1358.369 1437.788 1164.32 1431.254 1484.005 1331.527 1293.349 1499.14 1387.776 1374.784 1492.422 1489.371 1416.391 1291.043 1449.789 1322.648 1469.091 1370.61 1460.448 1504.095 1487.885 1485.987 1523.785 679.2939 -9999 -9999 -9999 -9999 -9999 -9999 -9999 -9999 -9999 -9999 -9999 -9999 -9999 -9999 -9999 -9999 -9999 -9999 -9999 -9999 -9999 -9999 -9999 -9999 -9999 -9999 -9999 43.87083 20.40297 -9999 -9999 2.024155 282.3369 1282.408 1563.716 1490.873 1491.544 1470.193 1230.453 1432.584 1285.291 1291.133 1468.73 1540.819 1482.483
1604.117 1561.969 1557.904 1576.469 1490.258 1549.346 1576.151 1515.694 1369.21 1416.925 1393.509 1401.651 1198.404 1389.327 1373.355 1444.012 1355.813 1213.901 1372.41 1186.286 1382.665 1471.877 1535.075 1557.242 1568.5 1579.553 1445.697 730.2393 842.0126 549.4723 -9999 -9999 -9999 -9999 -9999 -9999 -9999 -9999 -9999 -9999 -9999 -9999 -9999 -9999 -9999 -9999 -9999 -9999 -9999 -9999 -9999 -9999 -9999 -9999 0.07870059 0.508783 -9999 0.2061664 180.7884 1343.2 1487.663 1451.839 1516.769 1437.171 1411.892 1414.356 1513.6 1449.983 1411.55 1424.067 1407.197 1399.051
1576.117 1591.827 1598.81 1575.055 1617.447 1379.369 1553.732 1409.182 1280.425 550.2758 1335.322 1514.772 1351.61 1460.753 1559.32 1564.158 1540.93 1585.106 1534.715 1539.029 1525.818 1431.846 1556.707 1582.602 1614.022 1611.159 1600.225 1581.71 1573.229 1530.312 241.3335 -9999 -9999 -9999 -9999 -9999 -9999 -9999 -9999 -9999 -9999 -9999 -9999 -9999 -9999 -9999 -9999 -9999 -9999 -9999 -9999 -9999 -9999 -9999 2.012182 -9999 -9999 -9999 -9999 128.2218 712.428 1378.476 1547.958 1563.955 1564.383 1216.516 1557.374 1404.214 1423.377 1471.408 1567.534 1613.58
1609.075 1581.825 1333.227 1280.63 1624.343 1594.207 1507.116 1590.316 1340.564 1366.48 1358.878 553.3217 854.5363 1522.158 1562.893 1529.163 1393.417 1592.351 1479.837 1411.604 1585.741 1559.292 1497.132 1583.636 1563.801 1536.973 1641.851 1634.239 1653.095 1639.955 1069.538 0.5694169 -9999 -9999 -9999 -9999 -9999 -9999 -9999 -9999 -9999 -9999 -9999 -9999 -9999 -9999 -9999 -9999 -9999 -9999 -9999 -9999 -9999 -9999 -9999 -9999 54.54733 0.07377674 7.841664 -9999 -9999 102.933 1338.784 1513.189 1539.603 1454.9 1468.812 1528.793 1574.516 1622.122 1642.958 1593.021
1611.09 1508.289 1242.216 1343.852 1531.733 1529.724 1648.254 1597.142 1552.87 1501.036 1047.437 502.9924 1567.175 1423.393 1553.995 1501.227 1550.963 1461.927 1319.799 980.652 1340.985 1445.868 1459.272 1569.567 1580.671 1650.628 1621.079 1668.353 1669.753 1663.393 1602.017 273.1599 368.5352 756.6887 814.7607 385.5944 6.31349 -9999 -9999 -9999 -9999 -9999 -9999 -9999 -9999 -9999 -9999 -9999 -9999 -9999 -9999 -9999 -9999 -9999 -9999 -9999 24.6212 0.8747004 15.89095 70.66196 -9999 -9999 539.7499 1611.075 1553.67 1365.11 1277.688 1518.896 1612.455 1512.673 1545.76 1667.612
1420.555 1661.038 1663.946 1637.869 1533.412 1460.277 1655.197 1529.414 1421.954 1193.149 1129.74 1148.768 1414.757 1544.76 1526.272 1432.976 1423.711 1133.444 1366.363 1547.091 1487.561 1580.861 1595.803 1477.552 1631.83 1623.427 1612.102 1686.73 1635.544 1672.434 1600.003 1681.062 1698.611 1695.435 1698.611 1695.133 1595.811 1339.612 892.1309 157.6418 -9999 -9999 -9999 -9999 -9999 -9999 -9999 -9999 -9999 -9999 -9999 -9999 -9999 -9999 -9999 -9999 262.7453 121.5915 30.54117 9.945427 -9999 -9999 204.1788 1634.551 1584.673 1671.327 1586.214 1395.402 1420.104 1547.35 1658.255 1698.611
1558.201 1583.163 1618.889 1678.932 1669.177 1640.031 1599.362 1544.762 1520.071 1443.67 1513.539 1475.03 1437.337 1540.544 1426.778 1394.501 1490.932 1515.651 1592.367 1563.847 1651.534 1592.667 1569.375 1372.703 1627.87 1345.851 1510.236 1678.907 1712.934 1715.945 1672.802 1691.56 1719.156 1715.466 1710.911 1703.884 1715.578 1713.949 1720.94 1712.438 816.049 9.812268 -9999 -9999 -9999 -9999 -9999 -9999 -9999 -9999 -9999 -9999 -9999 -9999 -9999 65.46853 634.857 997.9108 470.7994 8.659407 36.94628 4.72141 408.337 1049.394 1689.661 1708.289 1120.713 948.3533 1508.906 1460.541 1605.955 1618.87
1427.808 1553.247 1509.976 1436.418 1504.398 1436.817 1467.345 1482.037 1567.278 1515.793 1564.971 1554.238 1476.851 1562.561 1470.863 1497.454 1690.75 1585.136 1589.813 1692.11 1627.852 1529.846 1596.942 1635.076 1619.724 1683.654 1698.61 1721.367 1737.07 1596.374 1685.675 1722.346 1724.251 1743.568 1734.961 1723.921 1737.35 1743.568 1743.568 1723.745 1716.831 1579.546 1274.498 776.1426 318.2555 -9999 -9999 -9999 -9999 -9999 -9999 -9999 -9999 -9999 -9999 11.53206 330.3942 203.5281 6.743813 -9999 0.1764513 426.628 1571.362 1675.653 1624.992 1629.593 1719.143 1488.34 1568.976 1349.102 1557.219 1637.924
1580.964 1499.554 1578.632 1579.762 1494.219 1134.632 991.8995 1447.072 1547.78 1486.755 1488.61 1521.904 1564.213 1473.713 1591.25 1633.947 1741.966 1756.937 1680.054 1636.387 1335.957 1480.283 1563.98 1465.933 1385.974 1698.242 1594.664 1567.853 1695.609 1646.04 1699.86 1755.996 1765.849 1763.636 1752.339 1764.198 1761.225 1761.692 1738.612 1731.104 1759.568 1742.701 1722.114 1765.706 1759.377 1225.176 879.3134 936.5228 921.5785 740.4594 557.3545 161.7056 -9999 -9999 -9999 -9999 1.728972 -9999 0.05887951 312.6747 1081.684 1724.939 1742.443 1742.742 1740.757 1678.242 1737.374 1694.895 1612.042 1505.738 1253.127 1485.346
1711.98 1131.107 1453.5 1720.502 1753.871 1606.199 1579.021 1710.777 1464 1366.177 1522.518 1387.905 1404.047 1555.461 1610.314 1500.952 1565.43 1787.994 1585.092 1509.47 1338.946 1507.625 1464.712 1700.939 1477.399 1422.455 1485.167 1046.155 1540.288 1576.106 1619.652 1664.898 1748.208 1777.269 1786.041 1787.994 1767.749 1768.44 1766.377 1787.994 1787.994 1764.703 1763.943 1757.235 1750.879 1757.624 1773.045 1787.992 1787.994 1770.568 1787.994 857.5447 -9999 -9999 -9999 -9999 232.588 1023.156 1420.44 1469.738 1717.557 1703.883 1686.945 1733.604 1766.361 1623.717 1716.192 1694.854 1684.352 1593.952 1561.181 1668.731
1752.636 1538.106 1603.071 1546.336 1324.827 1710.521 1754.547 1720.98 1770.075 1770.153 1598.33 1465.914 1428.775 1380.853 1294.425 1419.239 1538.31 1801.98 1661.63 1192.557 1520.627 1693.378 1384.511 1687.544 1600.484 1571.273 1395.794 1655.089 1447.157 1608.376 1575.86 1641.155 1745.054 1718.747 1731.852 1759.941 1769.525 1802.305 1810.004 1788.465 1759.988 1757.171 1810.004 1806.036 1794.576 1719.757 1740.7 1779.728 1810.004 1809.788 1810.004 481.4973 0.08357175 7.710325 0.3463698 -9999 10.82826 1104.065 1720.829 1741.898 1609.496 1668.484 1477.711 1369.016 1692.269 1761.188 1780.806 1758.776 1768.25 1679.767 1746.816 1573.642
1754.4 1763.913 1742.066 1731.783 1732.538 1656.876 1823.535 1826.924 1678.817 1725.893 1685.795 1630.773 1671.901 1630.486 1593.685 818.533 1399.249 1596.582 576.9396 493.8258 1347.532 1780.524 1787.532 1586.217 1599.843 1668.505 1280.982 1336.765 1658.438 1719.883 1759.108 1607.048 1737.659 1637.754 1671.081 1419.317 1448.87 1751.245 1757.982 1679.419 1792.036 1830.009 1831 1806.613 1831.876 1831.036 1827.083 1750.912 1803.958 1806.741 1831.876 1180.372 -9999 -9999 -9999 -9999 6.63841 210.5032 1742.032 1799.859 1656.971 940.7814 797.5518 1331.262 903.527 913.6323 1268.281 1592.973 1727.15 1798.034 1695.792 1732.872
1774.344 1817.29 1825.494 1819.828 1821.284 1824.096 1836.415 1834.258 1831.331 1853.482 1847.13 1821.469 1853.608 1720.84 1042.259 395.3864 1160.597 1039.204 163.5544 15.97552 236.6546 1729.963 1836.691 1790.032 1790.194 1778.47 1805.168 1841.703 1674.15 1640.877 1643.526 1823.668 1718.548 1779.029 1726.509 1848.395 1776.219 1791.359 1798.393 1818.999 1774.41 1733.406 1853.608 1853.608 1819.847 1816.888 1794.958 1830.794 1851.199 1847.976 1843.766 1124.04 606.5196 707.6447 66.81232 92.29811 146.2659 64.73693 1681.124 1792.895 1710.763 1781.041 1232.925 1713.989 1696.913 1846.28 1684.304 1716.758 1754.651 1756.329 1715.572 1774.552
