DataImport/DataFusion/Data/gpw_v4_land_water_area_rev10_landareakm_30_min.asc
ncols         720
nrows         290
xllcorner     -180
yllcorner     -60
cellsize      0.49999999999997
NODATA_value  -9999
[rows 96 to 127 of 290, columns 360 to 431 of 720]
-9999 -9999 86.84995 277.425 521.6435 943.9721 1364.977 1812.833 1980.086 1837.938 899.1153 1470.833 2190.219 2203.109 2278.001 2055.403 1957.119 2276.056 2440.406 2472.906 1787.305 1777.88 198.5233 45.54026 38.87325 -9999 -9999 -9999 164.0492 1312.266 456.2832 -9999 -9999 -9999 -9999 -9999 -9999 -9999 -9999 -9999 -9999 -9999 -9999 573.5316 1008.497 1446.008 281.4781 1.712748 136.9147 195.8724 281.1381 182.3135 137.5759 101.0246 452.6135 433.2478 1059.964 1333.842 2325.492 2481.488 2482.282 961.4148 940.6789 1830.006 2459.968 2482.282 2480.594 2482.282 2113.675 1126.219 1834.11 1220.369
580.933 1731.99 2473.169 2495.494 2496.932 2489.391 2497.874 2497.5 2498.363 2498.363 2486.694 2487.599 2496.034 2497.986 2485.274 2494.393 2498.363 2489.457 2493.487 2480.741 2426.921 290.4901 -9999 -9999 -9999 -9999 -9999 -9999 72.43407 -9999 -9999 -9999 -9999 -9999 -9999 -9999 -9999 -9999 -9999 -9999 -9999 -9999 -9999 -9999 67.90909 196.7997 170.2005 -9999 -9999 -9999 96.23245 43.21828 1.717355 11.31319 66.32349 774.947 528.2963 -9999 843.8995 1582.5 1090.414 17.03237 -9999 -9999 930.8594 2167.484 1858.263 1398.684 206.5952 -9999 -9999 567.5676
2411.984 2482.383 2495.227 2511.927 2511.295 2486.562 2514.254 2514.254 2514.254 2511.174 2513 2440.429 2504.317 2343.391 2296.991 2514.254 2514.254 2514.254 2513.048 2514.254 2166.868 1353.946 58.18605 -9999 0.04725045 23.46687 -9999 -9999 202.0184 51.58512 -9999 -9999 -9999 -9999 -9999 -9999 -9999 -9999 -9999 -9999 -9999 -9999 -9999 -9999 -9999 -9999 22.63277 207.8316 127.1402 -9999 -9999 0.04042519 1.117425 1.629287 262.0051 144.1774 -9999 -9999 -9999 -9999 -9999 -9999 -9999 -9999 -9999 -9999 -9999 -9999 241.347 34.04392 -9999 857.2017
2529.953 2529.78 2526.466 2526.592 2529.953 2529.953 2529.953 2529.953 2529.953 2529.953 2529.953 2529.953 2529.953 2529.574 2526.287 2529.953 2529.953 2529.953 2529.953 2518.503 2499.633 2473.464 279.8414 -9999 -9999 1.714853 -9999 -9999 -9999 -9999 -9999 -9999 -9999 -9999 -9999 -9999 -9999 -9999 -9999 -9999 -9999 -9999 -9999 -9999 -9999 -9999 -9999 1209.651 1193.635 1790.957 1711.301 1141.261 599.8116 72.19176 72.6107 -9999 -9999 -9999 -9999 -9999 -9999 -9999 -9999 -9999 140.0414 1013.735 1762.384 1816.372 281.6456 -9999 -9999 462.477
2545.46 2544.919 2545.46 2545.46 2545.46 2545.46 2544.946 2545.184 2545.46 2545.46 2545.46 2544.46 2545.46 2545.46 2545.46 2545.46 2545.46 2545.46 2545.46 2544.012 2513.05 1410.375 151.343 -9999 -9999 -9999 -9999 -9999 -9999 -9999 -9999 -9999 -9999 -9999 -9999 -9999 -9999 -9999 -9999 -9999 -9999 -9999 -9999 -9999 -9999 -9999 -9999 0.7541328 35.09654 178.1208 174.1784 12.7987 7.45925 -9999 -9999 -9999 -9999 -9999 -9999 -9999 -9999 -9999 -9999 -9999 396.0989 1763.559 1444.568 358.6268 21.77734 -9999 -9999 354.0956
2559.603 2560.681 2560.773 2560.773 2560.773 2560.773 2560.773 2560.773 2560.773 2560.773 2560.773 2493.662 2072.15 2560.773 2560.773 2560.773 2560.773 2560.635 2560.773 2560.773 763.29 -9999 -9999 -9999 -9999 -9999 -9999 -9999 -9999 -9999 -9999 -9999 -9999 -9999 -9999 -9999 -9999 -9999 -9999 -9999 -9999 -9999 -9999 -9999 -9999 -9999 -9999 -9999 -9999 -9999 -9999 -9999 -9999 -9999 -9999 -9999 -9999 -9999 -9999 -9999 -9999 -9999 -9999 -9999 -9999 -9999 -9999 -9999 -9999 -9999 -9999 1519.012
2575.891 2575.891 2575.891 2575.891 2575.891 2575.891 2575.891 2575.891 2575.891 2575.891 2575.891 2573.515 2492.362 2575.891 2575.891 2575.891 2575.891 2573.962 2575.891 2575.891 1518.845 967.8198 163.2171 -9999 -9999 -9999 -9999 -9999 -9999 -9999 -9999 -9999 -9999 -9999 -9999 -9999 -9999 -9999 -9999 -9999 -9999 -9999 -9999 -9999 -9999 -9999 -9999 -9999 -9999 -9999 -9999 -9999 -9999 -9999 -9999 -9999 -9999 -9999 -9999 -9999 -9999 -9999 -9999 -9999 -9999 -9999 -9999 -9999 -9999 -9999 303.1218 2474.053
2590.812 2590.812 2590.812 2590.812 2590.812 2590.812 2590.812 2590.812 2590.812 2590.812 2590.812 2590.812 2590.812 2590.812 2590.812 2590.812 2590.812 2590.563 2590.768 2590.812 2590.812 2472.655 1296.609 318.8483 -9999 -9999 -9999 -9999 -9999 -9999 -9999 -9999 -9999 -9999 -9999 -9999 -9999 -9999 -9999 -9999 -9999 -9999 -9999 -9999 -9999 -9999 -9999 -9999 -9999 -9999 -9999 -9999 -9999 -9999 -9999 -9999 -9999 -9999 -9999 -9999 -9999 -9999 -9999 -9999 -9999 -9999 -9999 -9999 -9999 -9999 1555.339 2582.896
2605.537 2605.537 2605.537 2605.537 2605.537 2605.537 2605.537 2605.537 2605.537 2605.537 2605.537 2605.537 2605.537 2605.537 2605.537 2605.537 2605.537 2605.537 2605.537 2605.537 2605.537 2605.537 2601.29 2581.473 1931.874 1579.605 1982.443 1514.76 777.9783 1.620585 -9999 -9999 -9999 -9999 -9999 -9999 -9999 -9999 -9999 -9999 -9999 629.9067 1438.572 2116.536 1996.886 1207.004 167.4743 -9999 -9999 -9999 -9999 -9999 -9999 -9999 -9999 -9999 -9999 -9999 -9999 -9999 -9999 -9999 -9999 -9999 -9999 -9999 -9999 -9999 -9999 255.475 2458.845 2426.057
2620.063 2620.063 2620.063 2620.063 2620.063 2620.063 2620.063 2620.063 2620.063 2620.063 2620.063 2620.063 2620.063 2620.063 2620.063 2620.063 2620.063 2620.063 2620.063 2620.063 2620.063 2620.063 2620.063 2620.063 2620.063 2620.063 2619.477 2620.063 2619.238 2398.361 1316.245 -9999 -9999 -9999 -9999 -9999 -9999 -9999 -9999 4.532894 1555.417 2619.427 2620.063 2620.063 2620.063 2620.063 1499.744 794.5642 43.78215 30.0522 -9999 -9999 -9999 -9999 -9999 -9999 -9999 -9999 -9999 -9999 -9999 -9999 -9999 -9999 -9999 -9999 -9999 -9999 -9999 955.2838 2619.068 2615.122
2634.389 2634.389 2634.389 2634.389 2634.389 2634.389 2634.389 2634.389 2634.389 2634.389 2632.271 2634.389 2634.389 2634.389 2634.389 2634.389 2634.389 2634.389 2634.389 2634.389 2634.389 2634.389 2634.389 2634.389 2634.389 2634.389 2634.389 2634.389 2634.389 2634.389 2331.069 86.92696 -9999 -9999 -9999 -9999 -9999 -9999 -9999 266.444 2634.389 2634.389 2634.389 2634.389 2634.389 2634.389 2634.389 2634.389 2624.596 2577.702 544.4435 451.8616 275.2558 0.4919682 -9999 -9999 -9999 -9999 -9999 -9999 -9999 57.97742 237.3929 21.56564 -9999 -9999 -9999 -9999 49.82854 2109.169 2456.279 2444.197
2648.515 2648.515 2648.515 2648.515 2648.515 2648.515 2648.515 2648.515 2648.515 2648.515 2648.515 2648.515 2648.515 2648.515 2648.515 2648.515 2648.515 2648.515 2648.515 2648.515 2648.515 2648.515 2648.515 2648.515 2648.515 2648.515 2648.515 2648.515 2648.515 2648.515 2648.515 2072.57 1248.921 1059.987 513.9152 3.337082 -9999 -9999 -9999 2.276848 2068.512 2648.515 2648.515 2648.515 2648.515 2648.515 2648.515 2648.515 2648.515 2648.515 2648.515 2648.515 2647.966 2484.495 1788.499 936.3282 422.0559 56.66183 -9999 480.7656 1746.606 2207.706 2617.916 2287.751 1183.426 385.5749 639.5427 749.9406 1906.601 2647.483 2228.022 2522.525
2662.439 2662.439 2662.439 2662.439 2662.439 2662.302 2662.439 2662.439 2662.439 2662.439 2662.439 2662.439 2662.439 2662.439 2662.439 2662.439 2662.439 2662.439 2662.439 2662.439 2662.439 2662.439 2662.439 2662.439 2662.439 2662.439 2662.439 2662.439 2662.439 2662.439 2662.439 2662.439 2662.439 2662.439 2662.439 2280.576 1130.279 19.5362 -9999 372.6796 2488.369 2662.439 2662.439 2662.439 2662.439 2662.439 2662.439 2662.439 2662.439 2662.439 2662.439 2662.439 2662.439 2662.439 2662.439 2662.439 2662.333 2400.091 1899.235 2612.87 2662.439 2631.002 2644.287 2660.922 2598.193 2662.439 2662.439 2662.439 2662.439 2662.439 2646.251 2662.439
2676.16 2676.16 2676.16 2676.16 2676.16 2676.16 2676.16 2676.16 2676.16 2676.16 2676.16 2676.16 2676.16 2676.16 2676.16 2676.16 2676.16 2676.16 2676.16 2676.16 2676.16 2676.16 2676.16 2676.16 2676.16 2676.16 2676.16 2676.16 2676.16 2676.16 2676.16 2676.16 2676.16 2676.16 2676.16 2676.16 2676.16 2084.901 1584.259 2500.197 2676.16 2676.16 2676.16 2676.16 2676.16 2676.16 2676.16 2676.16 2676.16 2676.16 2676.16 2676.16 2676.16 2676.16 2676.16 2676.16 2676.16 2675.031 2676.16 2676.16 2669.792 2656.231 2631.391 2676.16 2452.703 2598.44 2676.16 2676.16 2676.16 2676.16 2676.16 2676.16
2689.677 2689.677 2689.677 2689.677 2689.677 2689.677 2689.677 2689.677 2689.677 2689.677 2689.677 2689.677 2689.677 2689.677 2689.677 2689.677 2689.677 2689.677 2689.677 2689.678 2689.677 2689.677 2689.677 2689.677 2689.677 2689.677 2689.677 2689.677 2689.677 2689.677 2689.677 2689.677 2689.677 2689.677 2689.677 2689.495 2689.677 2689.677 2689.677 2689.677 2689.677 2689.677 2689.677 2689.677 2689.677 2689.677 2689.677 2689.677 2689.677 2677.964 2689.677 2689.677 2689.677 2689.677 2689.677 2689.677 2689.677 2689.677 2689.677 2689.677 2689.677 2646.495 2651.308 2689.677 2272.471 1891.339 2689.677 2689.677 2689.677 2660.282 2689.631 2689.677
2702.99 2702.99 2702.99 2702.99 2702.99 2702.99 2702.99 2702.99 2702.99 2702.99 2702.99 2702.99 2702.99 2702.99 2702.99 2702.99 2702.99 2702.99 2702.99 2702.99 2702.99 2702.99 2702.99 2702.99 2702.99 2702.99 2702.99 2702.99 2702.99 2702.99 2702.99 2702.99 2702.99 2702.99 2702.99 2702.99 2702.99 2702.99 2702.828 2702.99 2702.99 2702.99 2702.99 2702.99 2702.99 2702.99 2702.99 2702.99 2702.99 2702.99 2664.676 2661.131 2698.664 2702.99 2702.99 2702.99 2702.99 2702.99 2702.99 2702.99 2587.635 2517.472 2655.929 2702.99 2676.22 1118.946 2565.182 2702.99 2702.99 1763.544 2702.99 2702.99
2716.097 2716.097 2716.097 2716.097 2716.097 2716.097 2716.097 2716.097 2716.097 2716.097 2716.097 2716.097 2716.097 2716.097 2716.097 2716.097 2716.097 2716.097 2716.097 2716.097 2716.097 2716.097 2716.097 2716.097 2716.097 2716.097 2716.097 2716.097 2716.097 2716.097 2716.097 2716.097 2716.097 2716.097 2716.097 2716.097 2716.097 2716.097 2716.097 2707.856 2716.097 2716.097 2711.816 2716.097 2716.097 2716.097 2716.097 2716.097 2716.097 2716.097 2716.097 2716.097 2711.794 2705.247 2716.097 2716.097 2716.097 2716.097 2716.097 2716.097 2716.097 2672.914 2708.952 2716.097 2716.097 1573.507 1571.473 2716.097 2716.097 1570.841 2716.097 2716.097
2728.997 2728.997 2728.997 2728.997 2728.997 2728.997 2728.997 2728.997 2728.997 2728.997 2728.997 2728.997 2728.997 2728.997 2728.997 2728.997 2728.997 2728.997 2728.997 2728.997 2728.997 2728.997 2728.997 2728.997 2728.997 2728.997 2728.997 2728.997 2728.997 2728.997 2728.997 2728.997 2728.997 2728.997 2728.997 2728.997 2728.755 2728.997 2728.872 2728.997 2728.997 2728.997 2728.997 2728.997 2728.997 2728.997 2728.997 2728.997 2728.997 2728.997 2728.997 2728.997 2728.997 2728.997 2728.997 2728.997 2728.997 2728.997 2728.997 2728.997 2728.997 2685.283 2728.997 2728.997 2728.997 2726.566 1207.237 2171.336 2396.715 1402.596 2552.569 2728.997
2741.689 2741.689 2741.689 2741.689 2741.689 2741.689 2741.689 2741.689 2741.689 2741.689 2741.689 2741.689 2741.689 2741.689 2741.689 2741.689 2741.689 2741.689 2741.689 2741.689 2741.689 2741.689 2741.689 2741.689 2741.689 2741.689 2741.689 2741.689 2741.689 2741.689 2741.689 2741.689 2741.689 2741.689 2741.689 2741.689 2741.689 2741.689 2741.689 2741.689 2741.689 2741.689 2741.689 2741.689 2741.689 2741.689 2741.689 2741.689 2741.689 2741.689 2741.689 2741.689 2741.689 2741.689 2741.689 2741.689 2741.689 2741.689 2741.689 2741.689 2741.689 2700.984 2741.689 2741.689 2741.689 2741.689 2723.967 436.0729 761.4559 82.52578 543.11 2696.589
2754.173 2754.173 2754.173 2754.173 2754.173 2754.173 2754.173 2754.173 2754.173 2754.173 2754.173 2754.173 2754.173 2754.173 2754.173 2754.173 2754.173 2754.173 2754.173 2754.173 2754.173 2754.173 2754.173 2754.173 2754.173 2754.173 2754.173 2754.173 2754.019 2754.173 2754.173 2754.173 2754.173 2754.173 2754.173 2754.173 2754.173 2754.173 2754.173 2754.173 2754.173 2754.173 2754.173 2754.173 2754.173 2754.173 2754.173 2754.173 2754.173 2754.173 2754.173 2754.173 2754.173 2754.173 2754.173 2754.173 2754.173 2754.173 2754.173 2754.173 2754.173 2736.673 2704.425 2754.173 2754.173 2754.173 2754.173 1550.323 13.54229 -9999 -9999 1406.89
2766.446 2766.446 2766.446 2766.446 2766.446 2766.446 2766.446 2766.446 2766.446 2766.446 2766.446 2766.446 2766.446 2766.446 2766.446 2766.446 2766.446 2766.446 2766.446 2766.446 2766.446 2766.446 2766.446 2766.446 2766.446 2766.446 2766.446 2766.446 2766.446 2766.446 2766.446 2766.446 2766.446 2766.446 2766.446 2766.446 2766.446 2766.446 2766.446 2766.446 2766.446 2766.446 2766.446 2766.446 2766.446 2766.446 2766.446 2766.446 2766.446 2766.446 2766.446 2766.446 2766.446 2766.446 2766.446 2766.446 2766.446 2766.446 2766.446 2766.446 2766.446 2766.446 2752.7 2711.774 2766.446 2766.446 2766.446 2569.148 55.73186 -9999 -9999 27.02315
2778.509 2778.509 2778.509 2778.509 2778.509 2778.509 2778.509 2778.509 2778.509 2778.509 2778.509 2778.509 2778.509 2778.509 2778.509 2778.509 2778.509 2778.509 2778.509 2778.509 2778.509 2778.509 2778.509 2778.509 2778.509 2778.509 2778.509 2778.509 2778.509 2778.509 2778.509 2778.509 2778.509 2778.509 2778.509 2778.509 2778.509 2778.509 2778.509 2778.509 2778.509 2778.509 2778.509 2778.509 2778.509 2778.509 2778.509 2778.509 2778.509 2778.509 2778.509 2778.509 2778.509 2778.509 2778.509 2778.509 2778.509 2778.509 2778.509 2778.509 2778.509 2778.509 2778.509 2751.682 2720.765 2747.063 2778.509 2778.509 1144.03 0.1679684 -9999 -9999
2790.361 2790.361 2790.361 2790.361 2790.361 2790.361 2790.361 2790.361 2790.361 2790.361 2790.361 2790.361 2790.361 2790.361 2790.361 2790.361 2790.361 2790.361 2790.361 2790.361 2790.361 2790.361 2790.361 2790.361 2790.361 2790.361 2790.361 2790.361 2790.361 2790.361 2790.361 2790.361 2790.361 2790.361 2790.361 2790.361 2790.361 2790.361 2790.361 2790.361 2790.361 2790.361 2790.361 2790.361 2790.361 2790.361 2790.361 2790.361 2790.361 2790.361 2790.361 2790.361 2790.361 2790.361 2790.361 2790.361 2790.361 2790.361 2790.361 2790.361 2790.361 2790.361 2790.361 2790.361 2780.469 2739.805 2790.361 2790.361 2587.961 281.6125 -9999 -9999
2802 2802 2802 2802 2802 2802 2802 2802 2802 2802 2802 2802 2802 2802 2802 2802 2802 2802 2802 2802 2802 2802 2802 2802 2802 2802 2802 2802 2802 2802 2802 2802 2802 2802 2802 2802 2802 2802 2802 2802 2802 2802 2802 2802 2802 2802 2802 2802 2802 2802 2802 2802 2802 2802 2802 2802 2802 2802 2802 2802 2802 2802 2802 2802 2799.358 2742.056 2802 2802 2802 1654.912 -9999 -9999
2813.425 2813.425 2813.425 2813.425 2813.425 2813.425 2813.425 2813.425 2813.425 2813.425 2813.425 2813.425 2813.425 2813.425 2813.425 2813.425 2813.425 2813.425 2813.425 2813.425 2813.425 2813.425 2813.425 2813.425 2813.425 2813.425 2813.425 2813.425 2813.425 2813.425 2813.425 2813.425 2813.425 2813.425 2813.425 2813.425 2813.425 2813.425 2813.425 2813.425 2813.425 2813.425 2813.425 2813.425 2813.425 2813.425 2813.425 2813.425 2813.425 2813.425 2813.425 2813.425 2813.425 2813.425 2813.425 2813.425 2813.425 2813.425 2813.425 2813.425 2813.425 2813.425 2813.425 2813.425 2813.425 2767.633 2813.425 2813.425 2813.425 2752.5 362.5388 -9999
2824.636 2824.636 2824.636 2824.636 2824.636 2824.636 2824.636 2824.636 2824.636 2824.636 2824.636 2824.636 2824.636 2824.636 2824.636 2824.636 2824.636 2824.636 2824.636 2824.636 2824.636 2824.636 2824.636 2824.636 2824.636 2824.636 2824.636 2824.636 2824.636 2824.636 2824.636 2824.636 2824.636 2824.636 2824.636 2824.636 2824.636 2824.636 2824.636 2824.636 2824.636 2824.636 2824.636 2824.636 2824.636 2824.636 2824.636 2824.636 2824.636 2824.636 2824.636 2824.636 2824.636 2824.636 2824.636 2824.636 2824.636 2824.636 2824.636 2824.636 2824.636 2824.636 2824.636 2824.636 2824.636 2771.827 2824.636 2824.636 2824.636 2824.636 2126.085 124.5817
2835.633 2835.633 2835.633 2835.633 2835.633 2835.633 2835.633 2835.633 2835.633 2835.633 2835.633 2835.633 2835.633 2835.633 2835.633 2835.633 2835.633 2835.633 2835.633 2835.633 2835.633 2835.633 2835.633 2835.633 2835.633 2835.633 2835.633 2835.633 2835.633 2835.633 2835.633 2835.633 2835.633 2835.633 2835.633 2835.633 2835.633 2835.633 2835.633 2835.633 2835.633 2835.633 2835.633 2835.633 2835.633 2835.633 2835.633 2835.633 2835.633 2835.633 2835.633 2835.633 2835.633 2835.633 2835.633 2835.633 2835.633 2835.633 2835.633 2835.633 2835.633 2818.347 2835.633 2835.633 2819.372 1797.83 2828.335 2835.633 2835.633 2835.633 2787.967 191.998
2846.413 2846.413 2846.413 2846.413 2846.413 2846.413 2846.413 2846.413 2846.413 2846.413 2846.413 2846.413 2846.413 2846.413 2846.413 2846.413 2846.413 2846.413 2846.413 2846.413 2846.413 2846.413 2846.413 2846.413 2846.413 2846.413 2846.413 2846.413 2846.413 2846.413 2846.413 2846.413 2846.413 2846.413 2846.413 2846.413 2846.413 2846.413 2846.413 2846.413 2846.413 2846.413 2846.413 2846.413 2846.413 2846.413 2846.413 2846.413 2846.413 2846.413 2846.413 2846.413 2846.413 2846.413 2846.413 2846.413 2846.413 2846.413 2846.413 2846.413 2832.21 2039.134 2351.256 2846.413 2844.238 1482.458 2769.77 2846.413 2846.413 2846.413 2842.287 459.243
2856.976 2856.976 2856.976 2856.976 2856.976 2856.976 2856.976 2856.976 2856.976 2856.976 2856.976 2856.976 2856.976 2856.976 2856.976 2856.976 2856.976 2856.976 2856.976 2856.976 2856.976 2856.976 2856.976 2856.976 2856.976 2856.976 2856.976 2856.976 2856.976 2856.976 2856.976 2856.976 2856.976 2856.976 2856.976 2856.976 2856.976 2856.976 2856.976 2856.976 2856.976 2856.976 2856.976 2856.976 2856.976 2856.976 2856.976 2856.976 2856.976 2856.976 2856.976 2856.976 2856.976 2856.976 2856.976 2856.976 2856.976 2856.976 2856.976 2856.976 2856.976 2856.976 2776.054 2266.919 2304.492 2369.914 2772.177 2856.976 2856.976 2856.976 2856.976 2089.357
2867.322 2867.322 2867.322 2867.322 2867.322 2867.322 2867.322 2867.322 2867.322 2867.322 2867.322 2867.322 2867.322 2867.322 2867.322 2867.322 2867.322 2867.322 2867.322 2867.322 2867.322 2867.322 2867.322 2867.322 2867.322 2867.322 2867.322 2867.322 2867.322 2867.322 2867.322 2867.322 2867.322 2867.322 2867.322 2867.322 2867.322 2867.322 2867.322 2867.322 2867.322 2867.322 2867.322 2867.322 2867.322 2867.322 2867.322 2867.322 2867.322 2867.322 2867.322 2867.322 2867.322 2867.322 2867.322 2867.322 2867.322 2867.322 2867.322 2867.322 2867.322 2867.322 2569.898 2212.438 2859.854 2867.322 2867.322 2867.322 2867.322 2867.322 2867.322 2867.322
2877.449 2877.449 2877.449 2877.449 2877.449 2877.449 2877.449 2877.449 2877.449 2877.449 2877.449 2877.449 2877.449 2877.449 2877.449 2877.449 2877.449 2877.449 2877.449 2877.449 2877.449 2877.449 2877.449 2877.449 2877.449 2877.449 2877.449 2877.449 2877.449 2877.449 2877.449 2877.449 2877.449 2877.449 2877.449 2877.449 2877.449 2877.449 2877.449 2877.449 2877.449 2877.449 2877.449 2877.449 2877.449 2877.449 2877.449 2877.449 2877.449 2877.449 2877.449 2877.449 2877.449 2877.449 2877.449 2877.449 2877.449 2877.449 2877.449 2877.449 2877.449 2870.159 2437.341 2877.449 2877.449 2877.449 2877.449 2877.449 2877.449 2877.449 2877.449 2877.449
2887.358 2887.358 2887.358 2887.358 2887.358 2887.358 2887.358 2887.358 2887.358 2887.358 2887.358 2887.358 2887.358 2887.358 2887.358 2887.358 2887.358 2887.358 2887.358 2887.358 2887.358 2887.358 2887.358 2887.358 2887.358 2887.358 2887.358 2887.358 2887.358 2887.358 2887.358 2887.358 2887.358 2887.358 2887.358 2887.358 2887.358 2887.358 2887.358 2887.358 2887.358 2887.358 2887.358 2887.358 2887.358 2887.358 2887.358 2887.358 2887.358 2887.358 2887.358 2887.358 2887.358 2887.358 2887.358 2887.358 2887.358 2887.358 2887.358 2887.358 2887.358 2820.231 2887.121 2887.358 2887.358 2887.358 2887.358 2887.358 2887.358 2887.358 2887.358 2887.358
