DataImport/DataFusion/Data/gpw_v4_land_water_area_rev10_waterareakm_30_min.asc
ncols         720
nrows         290
xllcorner     -180
yllcorner     -60
cellsize      0.49999999999997
NODATA_value  -9999
[rows 165 to 197 of 290, columns 222 to 295 of 720]
-9999 -9999 -9999 33.64344 29.74159 25.98216 -9999 -9999 -9999 -9999 -9999 -9999 -9999 -9999 -9999 22.04249 48.4531 -9999 -9999 -9999 -9999 11.34038 4.567345 -9999 -9999 -9999 0.1624256 -9999 -9999 -9999 -9999 -9999 -9999 -9999 -9999 -9999 41.00707 -9999 -9999 -9999 -9999 -9999 -9999 -9999 -9999 -9999 -9999 -9999 -9999 -9999 -9999 -9999 -9999 -9999 -9999 -9999 -9999 -9999 -9999 -9999 -9999 -9999 -9999 -9999 -9999 -9999 -9999 -9999 -9999 -9999 -9999 -9999 -9999 -9999
-9999 0.3240317 -9999 30.41656 56.18667 4.924816 8.978814 -9999 -9999 -9999 -9999 -9999 -9999 -9999 -9999 63.96107 7.517464 -9999 -9999 -9999 -9999 -9999 -9999 -9999 -9999 -9999 -9999 -9999 -9999 -9999 -9999 -9999 -9999 -9999 -9999 -9999 116.7535 103.9962 0.6087968 -9999 -9999 -9999 -9999 -9999 -9999 -9999 -9999 -9999 -9999 -9999 -9999 -9999 -9999 -9999 -9999 -9999 -9999 -9999 -9999 -9999 -9999 -9999 -9999 -9999 -9999 -9999 -9999 -9999 -9999 -9999 -9999 -9999 -9999 -9999
6.110715 20.85507 19.70691 8.237714 64.37768 -9999 -9999 -9999 -9999 -9999 -9999 7.204385 6.322515 -9999 -9999 75.52168 2.128047 -9999 -9999 -9999 -9999 -9999 -9999 6.576797 -9999 -9999 -9999 -9999 0.750001 -9999 4.007313 7.931793 -9999 0.815498 2.570279 -9999 166.8422 240.4512 60.18709 -9999 -9999 -9999 -9999 -9999 -9999 -9999 -9999 -9999 -9999 -9999 -9999 -9999 -9999 -9999 -9999 -9999 -9999 -9999 -9999 -9999 -9999 -9999 -9999 -9999 -9999 -9999 -9999 -9999 -9999 -9999 -9999 -9999 -9999 -9999
-9999 0.1185577 5.612226 99.53915 36.84305 -9999 -9999 -9999 -9999 -9999 1.272615 0.2141732 18.83164 0.3317674 59.87535 58.39333 -9999 -9999 -9999 8.33012 -9999 -9999 -9999 2.709419 16.12608 -9999 6.305181 -9999 11.07945 12.69156 0.0798357 16.13682 -9999 3.15113 23.4184 58.5956 43.06355 828.916 -9999 -9999 -9999 -9999 -9999 -9999 -9999 -9999 -9999 -9999 -9999 -9999 -9999 -9999 -9999 -9999 -9999 -9999 -9999 -9999 -9999 -9999 -9999 -9999 -9999 -9999 -9999 -9999 -9999 -9999 -9999 -9999 -9999 -9999 -9999 -9999
95.43026 75.29722 62.7646 105.1222 -9999 5.738953 -9999 -9999 -9999 -9999 1.030733 7.141185 31.77283 7.564185 94.87714 3.190263 0.3403977 -9999 -9999 -9999 -9999 7.092916 -9999 -9999 31.87524 23.55753 10.79737 -9999 0.5861343 3.54634 14.1221 17.39408 2.125577 -9999 -9999 62.09659 1308.356 1030.595 588.4996 119.3319 -9999 -9999 -9999 -9999 -9999 -9999 -9999 -9999 -9999 -9999 -9999 -9999 -9999 -9999 -9999 -9999 -9999 -9999 -9999 -9999 -9999 -9999 -9999 -9999 -9999 -9999 -9999 -9999 -9999 -9999 -9999 -9999 -9999 -9999
-9999 15.98964 9.127892 74.01006 109.7233 188.2881 190.4758 185.9657 191.2371 307.1314 361.8646 46.40016 37.84339 1.378804 82.07795 14.9104 -9999 -9999 -9999 8.434714 -9999 19.20219 -9999 -9999 24.35347 24.50308 -9999 -9999 -9999 -9999 15.56635 -9999 30.878 -9999 1.71055 927.5082 974.7598 765.6917 783.7034 247.9334 8.347633 332.8072 -9999 -9999 -9999 -9999 -9999 -9999 -9999 -9999 -9999 -9999 -9999 -9999 -9999 -9999 -9999 -9999 -9999 -9999 -9999 -9999 -9999 -9999 -9999 -9999 -9999 -9999 -9999 -9999 -9999 -9999 -9999 -9999
-9999 -9999 17.5654 27.60048 19.3047 -9999 17.66559 37.76869 43.06341 -9999 11.69424 385.6095 259.0883 2.489544 110.8744 23.07985 3.145193 18.55585 46.89094 13.26214 12.24029 7.368374 17.12147 16.88153 28.88633 32.35235 -9999 -9999 -9999 -9999 4.191186 13.88379 28.67504 21.3097 282.9137 559.0431 369.7831 83.93021 5.454055 107.4929 214.0539 1960.974 68.89717 43.32405 20.65083 0.04827952 -9999 -9999 -9999 -9999 -9999 -9999 -9999 -9999 -9999 -9999 -9999 -9999 -9999 -9999 -9999 -9999 -9999 -9999 -9999 -9999 -9999 -9999 -9999 -9999 -9999 -9999 -9999 -9999
-9999 -9999 4.984194 -9999 -9999 -9999 4.330749 0.6940023 -9999 0.2705457 10.58932 4.453152 208.1201 558.8463 447.8974 4.217277 17.50704 435.4896 492.968 0.01864085 14.23384 2.949376 10.82066 34.16443 179.0326 148.2206 27.78246 0.06834508 2.194218 -9999 -9999 22.29495 19.19208 303.4744 521.8139 330.7915 92.28139 18.28694 0.6050525 19.27357 1347.975 468.2947 3.094622 2.517147 10.36235 166.1738 35.98709 13.79595 1.299489 -9999 -9999 -9999 -9999 -9999 -9999 -9999 -9999 -9999 -9999 -9999 -9999 -9999 -9999 -9999 -9999 -9999 -9999 -9999 -9999 -9999 -9999 -9999 -9999 -9999
110.3349 138.1548 132.3035 148.6744 162.9411 188.5068 224.6688 82.70354 -9999 -9999 8.311906 20.96058 30.75523 43.84159 160.577 334.1368 -9999 77.55099 1038.935 255.8541 10.50921 15.8904 7.445309 44.06799 69.26524 385.8421 588.0436 243.3329 148.974 13.47672 461.3466 432.304 390.0341 597.9284 88.08636 501.1989 270.8999 604.9762 561.805 1275.656 438.7854 93.13962 86.91185 0.2188759 0.1959009 12.60367 1.811086 60.44139 30.25988 -9999 -9999 -9999 -9999 -9999 -9999 -9999 -9999 -9999 -9999 -9999 -9999 -9999 -9999 -9999 -9999 -9999 -9999 -9999 -9999 -9999 -9999 -9999 -9999 -9999
28.25626 0.5193624 -9999 9.99151 150.3802 226.3397 103.8707 319.827 31.10193 -9999 -9999 -9999 -9999 3.830858 1.434724 325.1062 97.61536 -9999 -9999 24.98154 68.59309 163.1111 112.7881 156.442 629.146 867.4724 530.1225 1351.129 1458.506 1008.161 335.2366 17.53532 1.182449 680.3821 19.93405 158.8096 93.556 25.51618 57.27374 390.2208 11.05229 -9999 29.21189 1.18089 -9999 10.2872 7.463816 155.0909 62.75673 149.4527 0.007164482 19.2397 -9999 -9999 -9999 -9999 -9999 -9999 -9999 -9999 -9999 -9999 -9999 -9999 -9999 -9999 -9999 -9999 -9999 -9999 -9999 -9999 -9999 -9999
103.2294 52.41212 129.0076 300.0716 230.1708 126.7133 255.6737 359.1142 285.5553 12.80063 -9999 0.4785205 0.8356906 0.3543786 4.283698 46.58077 856.7352 77.67619 4.255942 26.82835 7.310246 567.1896 588.8781 620.2864 616.2985 10.60967 34.03886 931.6644 79.527 69.05946 -9999 0.5353505 0.5305784 166.9462 183.5245 4.540187 48.97363 21.48264 173.8347 14.2087 -9999 -9999 35.26766 0.2005859 -9999 -9999 0.2139765 13.95237 452.9743 687.7629 2.100912 2.009362 13.46856 3.132469 50.46462 40.69255 39.55046 12.26199 2.455173 -9999 -9999 -9999 -9999 -9999 -9999 -9999 -9999 -9999 -9999 -9999 -9999 -9999 -9999 -9999
139.8807 229.8532 121.0964 96.5809 2.72802 63.24417 20.12951 24.49739 529.7646 164.3739 2.052201 58.04737 184.8 -9999 48.17428 202.0074 518.0854 706.5815 488.9263 456.3365 528.7505 497.8435 317.9097 134.9433 84.48383 -9999 -9999 674.2191 4.447176 11.07476 -9999 -9999 -9999 195.3001 217.1248 -9999 -9999 10.81656 144.9192 0.2099768 -9999 1.230478 2.143468 -9999 -9999 -9999 -9999 244.3122 353.7565 7.006212 0.597575 -9999 8.313987 77.46446 80.17758 9.973785 23.18247 22.02589 11.69992 8.896297 0.8790099 -9999 -9999 -9999 -9999 -9999 -9999 -9999 -9999 -9999 -9999 -9999 -9999 -9999
17.66455 0.1430807 49.16288 39.93666 -9999 97.87904 -9999 11.58814 61.11591 236.2416 277.6846 378.3621 328.6114 340.0014 300.4376 321.5121 143.8233 113.2309 102.0394 345.4545 169.4084 118.8396 270.7793 94.5262 -9999 -9999 82.9467 160.6575 -9999 -9999 -9999 40.20224 149.2141 121.5049 137.0769 3.999855 -9999 -9999 511.1765 -9999 -9999 0.4955591 -9999 0.6907411 0.52866 -9999 9.008292 110.1854 173.9685 0.4616884 0.7109062 -9999 62.99614 8.960711 12.98763 9.798721 26.00563 23.62883 8.183073 25.22808 27.60347 5.32804 -9999 -9999 -9999 -9999 -9999 -9999 -9999 -9999 -9999 -9999 -9999 -9999
2.219546 0.2173368 49.55793 17.80986 29.4715 30.2648 0.04051222 15.6348 -9999 0.2898477 106.7739 755.0118 58.40071 223.5973 218.2733 4.739358 68.23161 99.84554 141.0336 252.3668 208.0422 34.32334 76.18574 0.02289119 -9999 89.30444 180.9166 -9999 -9999 -9999 75.84032 70.82143 132.7623 -9999 -9999 11.918 -9999 -9999 1115.609 276.0248 0.2889723 0.4237196 0.1611706 -9999 -9999 -9999 -9999 1.358222 15.70346 0.1774088 0.3051279 0.9450371 32.75949 -9999 26.932 1.342404 4.254354 59.10958 0.8715451 6.162601 14.75786 22.29279 28.72986 -9999 -9999 -9999 -9999 -9999 -9999 -9999 -9999 -9999 -9999 -9999
15.07156 52.45488 3.106933 -9999 86.20023 -9999 0.5961941 -9999 -9999 -9999 16.06556 1.726732 140.1265 182.062 17.1151 3.502321 99.83566 105.0967 104.4113 147.6033 0.007149219 11.08802 4.950263 -9999 133.4215 134.1365 -9999 -9999 48.72855 89.33469 7.737575 -9999 123.0303 -9999 -9999 9.121915 -9999 -9999 103.8848 444.4193 -9999 -9999 -9999 0.3153365 -9999 0.7202934 -9999 -9999 1.690626 0.8651927 -9999 -9999 25.41259 1.353827 2.190997 0.2734154 7.539123 5.533898 2.247636 4.539612 3.822315 6.144806 24.35986 70.03529 -9999 -9999 -9999 -9999 -9999 -9999 -9999 -9999 -9999 -9999
0.4371579 -9999 3.872554 86.04038 26.57248 -9999 -9999 -9999 -9999 4.546275 1.557158 74.11652 181.6215 52.7476 -9999 -9999 111.3463 125.2605 81.44891 65.77832 -9999 0.1685718 -9999 71.39657 151.6456 41.15965 9.610057 -9999 18.71949 28.41144 -9999 -9999 99.25159 -9999 -9999 -9999 -9999 -9999 -9999 126.9201 193.098 105.3158 60.36779 0.3646106 -9999 -9999 0.2227308 -9999 53.79278 0.4647838 0.1085576 0.5068263 23.49671 1.852009 0.4655446 0.1694693 6.874067 8.989376 9.303891 8.199932 21.27633 14.02009 2.861718 124.0811 228.8896 52.98807 6.854801 7.36579 -9999 -9999 -9999 -9999 -9999 -9999
-9999 -9999 74.3162 1.392417 -9999 -9999 13.27003 19.97199 85.13425 179.0706 147.5861 165.277 -9999 -9999 76.91946 156.7099 62.29543 90.81282 38.57304 12.2916 -9999 -9999 75.04076 183.9697 2.752188 -9999 23.23954 -9999 15.31459 35.79167 -9999 -9999 111.6193 -9999 -9999 -9999 -9999 4.100728 0.7719893 9.474049 0.1617942 101.0376 2.654394 55.01366 0.6564839 0.1093953 0.2435809 -9999 0.1226744 0.2160249 0.4537182 17.97056 0.8893201 -9999 3.290764 -9999 7.278376 2.838503 5.783836 7.612327 9.583668 4.192737 6.42265 0.6266965 126.5413 0.7978198 6.416158 16.90861 -9999 -9999 -9999 -9999 -9999 -9999
27.95062 73.61745 29.46913 -9999 -9999 0.1755251 24.19082 27.18145 37.43364 94.14684 -9999 5.95914 22.84863 187.7431 162.3264 2.187459 -9999 59.83559 0.3620093 4.17744 -9999 68.23244 163.7156 -9999 7.291229 -9999 26.17052 -9999 14.47782 29.7413 0.2158312 -9999 38.17488 75.47678 -9999 -9999 0.8567098 2.963773 -9999 4.092987 37.76286 76.6921 -9999 55.38977 -9999 0.1815295 -9999 -9999 -9999 0.2869415 1.064896 4.032406 9.758569 -9999 0.426493 -9999 0.7423421 0.7812773 3.229395 45.5337 49.06496 21.14328 5.334255 12.48886 7.541735 7.675975 6.314243 29.45237 -9999 -9999 -9999 -9999 -9999 -9999
33.56956 10.32619 -9999 -9999 -9999 18.91465 0.5403331 -9999 75.87723 48.06067 -9999 -9999 70.88867 94.7147 18.3877 0.4500926 21.10539 32.93212 -9999 -9999 -9999 169.8216 -9999 -9999 -9999 4.852314 18.28921 0.06739193 13.3176 0.7514578 18.69449 -9999 0.4645325 131.2611 33.81591 -9999 -9999 0.1576681 1.823712 62.16423 92.46349 1.069143 18.60669 20.90463 -9999 0.2268415 -9999 -9999 -9999 96.89179 199.9382 6.513159 6.664541 0.2221491 -9999 5.676753 1.153347 1.733556 3.694812 8.761889 7.246241 7.933614 4.984835 3.778729 4.457251 7.919403 0.8465636 0.6521516 4.613142 -9999 -9999 -9999 -9999 -9999
0.2533019 11.58625 12.08042 -9999 -9999 0.393902 -9999 51.62512 90.30334 0.3634359 -9999 18.50151 147.018 -9999 2.337452 -9999 51.38327 -9999 -9999 -9999 -9999 119.6712 0.9724174 -9999 -9999 -9999 0.67189 13.87653 7.802969 -9999 25.92861 3.971137 61.32396 22.15089 7.339281 6.443085 -9999 -9999 0.2219231 98.77762 1.762809 2.986195 68.87137 8.517064 -9999 -9999 -9999 -9999 2.922153 14.1116 2.228012 1.286258 4.401003 1.746471 0.1773321 0.3309523 1.200161 1.38907 1.862588 3.620255 2.294592 26.77604 42.75474 10.62186 3.410754 8.700214 1.598655 2.612015 5.12292 -9999 -9999 -9999 -9999 -9999
-9999 -9999 4.839811 55.8625 59.42343 63.38807 64.11066 55.6311 10.87411 -9999 -9999 6.910833 106.2851 -9999 0.1620317 4.957751 42.48383 15.96916 -9999 -9999 0.6004128 72.26088 55.11312 -9999 -9999 -9999 -9999 0.5014824 -9999 -9999 -9999 21.72653 78.46756 -9999 0.1317508 -9999 0.4319357 0.1448767 1.155531 105.7257 0.3949785 -9999 44.96999 -9999 2.61459 -9999 0.1297622 -9999 -9999 -9999 3.15591 9.8855 0.9650188 4.379953 1.223219 -9999 0.1355383 3.270859 3.766461 0.7334006 3.055291 7.396621 4.389831 2.870885 5.836702 7.814469 1.549257 1.04842 5.338208 -9999 -9999 -9999 -9999 -9999
-9999 -9999 -9999 35.52077 -9999 -9999 11.14954 11.19148 -9999 -9999 23.44213 130.3866 79.79263 1.148567 -9999 10.19534 14.55277 9.343225 13.92265 -9999 -9999 39.15695 66.82093 -9999 -9999 -9999 -9999 -9999 -9999 -9999 0.1779381 20.92431 91.71704 -9999 -9999 0.08987388 0.1314556 1.02469 5.761761 84.12777 -9999 37.34626 8.242962 -9999 -9999 -9999 -9999 -9999 -9999 0.1031691 1.802907 -9999 -9999 4.378789 0.2582297 8.621077 0.2469524 0.2119967 3.04729 1.541637 6.891687 3.694547 2.268249 -9999 0.657777 0.3379068 -9999 5.210333 4.913356 -9999 -9999 -9999 -9999 -9999
19.33121 1.307117 32.73755 26.75782 -9999 0.4601175 0.1758776 -9999 -9999 46.43633 112.4754 35.36686 -9999 28.04068 11.14749 -9999 15.95032 -9999 1.807534 11.95559 12.27728 39.06512 51.45382 56.90358 -9999 -9999 -9999 -9999 -9999 -9999 -9999 7.994891 16.0785 102.9465 -9999 -9999 -9999 0.3307909 85.30417 30.962 0.1616462 37.04697 -9999 -9999 -9999 -9999 -9999 -9999 -9999 0.4750753 0.8555133 -9999 -9999 1.867329 1.106161 0.7351083 0.3507044 1.267964 67.1793 65.02695 382.4513 139.0683 0.6945909 0.3213144 0.3195679 0.6469343 1.277075 0.9861693 -9999 -9999 -9999 -9999 -9999 -9999
3.558275 22.12369 1.202684 0.7209852 -9999 -9999 -9999 0.3037298 80.63681 70.74422 -9999 21.88133 6.60975 -9999 23.07632 0.2227106 14.24846 -9999 -9999 14.81471 70.81146 39.03609 -9999 36.23977 44.76094 10.5577 -9999 -9999 -9999 -9999 0.1632831 1.129517 -9999 67.88583 1.001254 -9999 -9999 37.86306 74.61048 1.521879 -9999 40.23366 2.514396 -9999 -9999 -9999 0.08684951 -9999 0.2679479 2.661907 -9999 1.028383 1.635546 5.203837 0.4390074 224.8103 326.5637 83.46474 8.963842 1.210009 2.361173 287.4672 0.8888783 0.4927516 -9999 0.1858909 0.9966676 0.2202751 -9999 -9999 -9999 -9999 -9999 -9999
-9999 0.2884798 -9999 -9999 0.3258489 0.07585089 2.204075 100.9266 27.33459 -9999 1.294633 -9999 0.1140234 -9999 12.7899 -9999 10.60905 -9999 -9999 7.29676 0.105499 86.1331 -9999 -9999 0.3466333 22.09056 43.85315 0.6035576 4.942041 0.2687444 -9999 -9999 62.82931 59.94483 -9999 0.3523105 0.1338821 83.49975 5.278785 1.087184 -9999 31.95243 0.1573573 0.1318461 -9999 -9999 -9999 0.4702167 4.07064 0.2382833 2.399476 0.5431747 1.876841 405.2012 724.5966 499.1785 -9999 0.8682128 8.424814 18.48214 -9999 2.926412 56.63538 53.85701 8.605083 17.39336 81.04311 -9999 -9999 -9999 -9999 -9999 -9999 -9999
-9999 0.1261613 1.521415 -9999 -9999 -9999 2.407804 84.33907 -9999 -9999 -9999 -9999 -9999 0.1195237 13.30527 -9999 7.95314 -9999 -9999 -9999 0.2774538 87.07625 -9999 -9999 0.5530428 0.4742738 37.77677 28.10204 10.4949 -9999 0.8179736 28.95625 38.62328 5.706693 0.4640135 -9999 4.574117 77.51559 87.42104 0.3323532 0.4979766 29.97873 0.6836061 -9999 0.1438495 -9999 -9999 0.4575664 22.22231 2.34617 1.368529 1.468102 13.65037 81.19921 0.1712663 0.1918171 -9999 0.507013 1.367825 0.5528537 -9999 0.1327477 0.5034549 1.269502 64.84656 33.6471 -9999 -9999 -9999 -9999 -9999 -9999 -9999 -9999
-9999 0.5168409 -9999 -9999 0.1454992 68.15623 84.79201 63.80593 -9999 -9999 -9999 -9999 -9999 -9999 13.25465 -9999 2.034039 -9999 -9999 0.1446824 -9999 50.96167 25.95894 7.847119 0.1606341 0.128734 38.92678 0.304582 -9999 0.4750738 0.1795201 64.37616 -9999 0.4628978 2.626237 5.725511 99.50603 7.645045 59.20895 -9999 4.979327 32.80703 5.227954 0.09858117 -9999 -9999 0.244321 0.5431369 0.4050623 2.935239 0.2141986 7.14988 74.46786 -9999 0.1588173 -9999 0.2806714 7.801149 14.36271 -9999 -9999 2.066766 1.943218 42.51002 2.342343 0.5875711 -9999 -9999 -9999 -9999 -9999 -9999 -9999 -9999
-9999 -9999 15.26079 37.45566 122.5248 127.1456 0.2026153 79.34599 0.1256457 -9999 -9999 -9999 -9999 0.1630516 8.209764 -9999 -9999 -9999 -9999 1.652942 -9999 29.70963 17.28433 4.342319 1.448801 -9999 6.091553 21.16396 0.6915355 -9999 3.874616 54.04637 0.1157976 0.5646072 0.3378324 9.174522 102.0244 12.35008 29.29981 0.9528229 27.00578 14.77962 -9999 1.251994 -9999 -9999 -9999 -9999 -9999 9.233416 5.596062 60.65925 4.598929 4.233898 -9999 1.534192 0.6433498 1.253464 1.313897 8.342327 0.2465023 -9999 1.020364 52.4457 -9999 -9999 -9999 -9999 -9999 -9999 -9999 -9999 -9999 -9999
-9999 5.945928 52.85669 14.2658 83.46811 -9999 0.3554149 144.5864 5.450586 -9999 -9999 -9999 -9999 0.4147843 0.4521557 0.2806688 0.3436017 -9999 -9999 0.3810979 1.668267 25.39472 1.947051 16.45627 0.2068804 -9999 23.83358 -9999 -9999 0.2874458 34.54941 11.14472 25.58789 2.536565 0.4949042 -9999 84.00306 12.19902 83.70234 3.173501 35.24485 8.811889 -9999 0.1685922 0.2360105 0.5091782 3.148413 -9999 7.244557 13.55707 0.06641363 56.677 -9999 2.389816 0.4018536 -9999 4.587007 22.34653 -9999 0.2257788 -9999 0.1768303 -9999 3.684525 -9999 -9999 -9999 -9999 -9999 -9999 -9999 -9999 -9999 -9999
38.90696 62.78047 -9999 -9999 34.08803 -9999 3.513244 154.8482 71.46064 35.06575 17.79552 4.839288 -9999 0.1243301 0.1840072 -9999 -9999 -9999 -9999 -9999 9.681353 6.065764 -9999 6.369442 6.226996 -9999 11.97859 0.439233 -9999 3.921718 6.174914 116.7801 7.574559 13.35018 3.621938 0.9430671 74.57607 24.12243 32.10896 1.542904 11.38858 37.37969 4.912594 0.4394985 1.153711 -9999 0.3748492 -9999 0.2539927 0.1186211 -9999 49.86789 0.385672 0.3045125 -9999 -9999 0.6092217 -9999 0.2027692 52.76161 5.74649 -9999 -9999 -9999 -9999 -9999 -9999 -9999 -9999 -9999 -9999 -9999 -9999 -9999
14.48248 -9999 0.8655722 28.21241 44.39737 9.821096 501.9218 269.6034 121.0888 32.95045 31.47747 58.6242 20.00667 2.938314 1.180019 0.3441037 0.2799346 -9999 0.09424895 -9999 -9999 4.00639 -9999 -9999 1.659623 0.1416309 3.963738 0.1230782 -9999 -9999 0.5987337 13.80528 23.40719 0.4207099 1.069372 18.59295 77.80704 17.37167 0.8141953 2.827051 -9999 29.04798 26.58783 -9999 0.4441783 0.150167 1.51773 0.6730199 1.322626 0.999065 0.4335782 51.09628 -9999 -9999 0.1202706 2.172298 0.5475158 2.328215 -9999 63.53364 9.16973 16.31637 -9999 -9999 -9999 -9999 -9999 -9999 -9999 -9999 -9999 -9999 -9999 -9999
0.2242683 0.1805622 -9999 109.5895 6.437817 37.81424 411.844 166.7132 61.96136 60.41864 35.81327 56.72864 88.73729 39.76087 11.657 6.935862 0.1729372 -9999 -9999 0.03673022 0.5048912 0.2997133 -9999 -9999 -9999 0.1601287 0.2300777 -9999 -9999 -9999 0.4501518 0.4462845 1.565183 0.6512696 -9999 43.65667 54.89186 1.049428 0.3936678 1.002231 0.708375 16.28371 9.388129 4.215468 0.443862 2.098393 1.857498 -9999 2.08562 -9999 0.1285688 52.91452 1.755658 4.289102 0.09311459 7.623193 -9999 0.703465 -9999 5.889685 24.36016 -9999 -9999 -9999 -9999 -9999 -9999 -9999 -9999 -9999 -9999 -9999 -9999 -9999
-9999 -9999 19.39324 119.7403 249.55 19.53284 2.663418 163.0747 78.60302 43.48553 44.76342 34.32917 -9999 -9999 35.46749 13.95605 9.705415 3.030511 -9999 -9999 0.2928181 -9999 0.3114173 -9999 -9999 0.1969447 -9999 3.369542 0.7666641 -9999 -9999 4.316194 -9999 0.4731864 14.41803 12.35571 42.44191 15.40429 0.7013366 0.1541817 -9999 196.8836 -9999 -9999 0.09757243 -9999 -9999 -9999 -9999 -9999 36.90338 12.20386 1.523244 0.5656976 8.88131 0.08634141 33.63545 41.81309 0.2598226 4.599128 14.27603 -9999 -9999 -9999 -9999 -9999 -9999 -9999 -9999 -9999 -9999 -9999 -9999 -9999
